201.015	1898
202.282	1920.48
203.551	1885.96
204.817	1966.44
206.085	1918.42
207.352	1919.4
208.619	1952.88
209.885	1980.36
211.152	2071.84
212.418	2102.82
213.685	2180.8
214.95	2228.78
216.216	2364.26
217.481	2465.24
218.745	2559.72
220.011	2646.2
221.275	2815.18
222.54	2910.16
223.804	3032.14
225.069	3067.12
226.332	3148.1
227.595	3145.08
228.859	3164.55
230.122	3122.53
231.384	3172.01
232.648	3113.49
233.91	3072.47
235.173	3010.45
236.435	2944.43
237.696	2860.41
238.959	2828.89
240.22	2732.87
241.48	2677.35
242.741	2606.33
244.003	2458.31
245.263	2387.29
246.523	2366.27
247.784	2272.25
249.044	2257.23
250.303	2162.21
251.562	2104.19
252.823	2010.17
254.081	1975.15
255.34	1921.13
256.598	1864.11
257.858	1806.09
259.116	1776.57
260.373	1776.05
261.631	1734.03
262.888	1656.01
264.147	1621.49
265.404	1550.97
266.66	1527.45
267.917	1518.43
269.173	1487.91
270.429	1464.89
271.685	1457.87
272.942	1455.35
274.197	1460.33
275.453	1437.81
276.708	1462.29
277.963	1440.27
279.217	1453.25
280.472	1435.73
281.726	1360.71
282.98	1422.68
284.234	1432.66
285.488	1441.14
286.742	1419.12
287.996	1441.6
289.249	1474.08
290.502	1469.56
291.754	1460.54
293.007	1457.52
294.259	1479
295.511	1413.48
296.763	1494.46
298.014	1442.44
299.266	1505.92
300.517	1489.4
301.768	1473.38
303.017	1481.86
304.268	1489.34
305.518	1514.32
306.768	1511.3
308.018	1509.28
309.268	1502.26
310.518	1506.24
311.767	1586.72
313.016	1566.2
314.265	1576.18
315.514	1580.16
316.761	1604.14
318.01	1647.62
319.258	1578.1
320.506	1613.58
321.754	1629.06
323.001	1604.04
324.247	1619.02
325.494	1586.5
326.741	1598.48
327.988	1580.46
329.235	1566.94
330.48	1591.92
331.726	1576.9
332.972	1581.88
334.218	1577.86
335.463	1573.84
336.707	1558.31
337.952	1595.79
339.197	1579.77
340.441	1553.75
341.685	1609.23
342.929	1583.71
344.174	1594.19
345.416	1602.17
346.66	1621.65
347.904	1605.63
349.145	1647.61
350.389	1612.59
351.632	1598.57
352.873	1644.55
354.115	1653.03
355.358	1682.01
356.599	1703.49
357.841	1689.97
359.081	1742.95
360.322	1703.43
361.564	1733.41
362.803	1768.89
364.044	1737.87
365.284	1804.35
366.524	1821.33
367.765	1843.31
369.003	1846.29
370.243	1931.77
371.482	1947.25
372.721	1959.23
373.959	2017.21
375.198	1988.69
376.436	2121.67
377.675	2181.65
378.912	2234.63
380.15	2314.11
381.387	2420.59
382.625	2424.57
383.861	2581.55
385.099	2647.03
386.335	2775.01
387.571	2838.49
388.808	2926.97
390.043	2994.94
391.28	3104.92
392.515	3126.9
393.749	3223.38
394.985	3229.86
396.22	3248.84
397.455	3232.32
398.689	3279.3
399.923	3235.78
401.158	3249.76
402.391	3205.74
403.625	3240.22
404.859	3244.7
406.092	3281.18
407.324	3231.66
408.558	3212.64
409.79	3231.62
411.022	3240.6
412.256	3232.58
413.487	3262.56
414.719	3221.54
415.95	3355.52
417.182	3321.5
418.413	3328.48
419.644	3369.46
420.874	3398.44
422.106	3500.42
423.336	3538.4
424.566	3539.38
425.795	3754.36
427.025	3821.34
428.255	3923.32
429.484	3996.3
430.713	4121.28
431.942	4292.76
433.17	4427.74
434.399	4552.22
435.627	4786.2
436.856	5026.18
438.084	5348.66
439.311	5601.14
440.538	5988.12
441.765	6381.6
442.992	6802.57
444.219	7402.05
445.445	8080.53
446.672	8947.51
447.898	9853.99
449.124	11003
450.349	12430
451.576	14205.9
452.802	16542.4
454.027	19260.9
455.252	22819.9
456.476	26858.9
457.701	31529.8
458.925	36179.8
460.149	39929.8
461.373	42040.3
462.596	41653.8
463.819	39065.2
465.043	34720.2
466.266	30009.2
467.489	24979.2
468.711	20695.7
469.934	17225.1
471.156	14515.6
472.379	12214.6
473.601	10395.6
474.822	9019.55
476.044	7816.03
477.264	6993.51
478.485	6210.99
479.706	5638.47
480.927	5050.45
482.148	4743.43
483.368	4386.41
484.588	4084.39
485.807	3711.37
487.027	3585.35
488.246	3324.33
489.466	3166.31
490.685	2977.29
491.903	2820.27
493.122	2729.25
494.34	2592.23
495.559	2438.2
496.776	2382.18
497.994	2314.16
499.212	2187.14
500.43	2177.62
501.646	2070.1
502.863	2018.08
504.08	1954.06
505.296	1918.04
506.512	1883.52
507.729	1849.5
508.944	1778.48
510.16	1715.46
511.376	1723.94
512.59	1671.92
513.806	1645.9
515.021	1585.88
516.235	1580.86
517.45	1567.34
518.663	1573.32
519.878	1524.3
521.093	1509.78
522.305	1497.76
523.519	1493.74
524.732	1437.72
525.945	1407.2
527.158	1426.68
528.371	1417.66
529.582	1385.64
530.795	1434.62
532.007	1430.1
533.219	1351.58
534.43	1286.56
535.642	1357.04
536.853	1325.52
538.064	1325.5
539.274	1319.48
540.486	1329.96
541.696	1322.44
542.907	1294.42
544.116	1318.9
545.326	1298.38
546.535	1331.85
547.744	1304.33
548.954	1295.31
550.163	1277.29
551.372	1286.77
552.58	1317.25
553.788	1283.23
554.997	1275.21
556.205	1272.19
557.412	1269.67
558.62	1243.65
559.827	1258.63
561.034	1268.11
562.242	1235.09
563.448	1229.57
564.654	1205.55
565.861	1243.03
567.067	1219.51
568.273	1226.99
569.478	1174.47
570.685	1212.95
571.89	1195.93
573.094	1174.91
574.299	1141.89
575.505	1148.87
576.709	1154.35
577.913	1113.83
579.117	1128.81
580.322	1109.29
581.525	1105.77
582.728	1111.75
583.931	1096.73
585.134	1077.21
586.337	1034.69
587.541	1074.67
588.743	1070.65
589.945	1062.63
591.147	1053.61
592.349	1054.59
593.55	1027.07
594.752	1029.55
595.953	1038.03
597.154	1017.51
598.355	1010.98
599.557	1016.46
600.757	992.445
601.957	987.424
603.157	959.904
604.357	965.384
605.557	966.364
606.756	942.343
607.955	948.323
609.154	919.803
610.353	883.283
611.552	895.262
612.75	888.242
613.949	881.222
615.147	852.202
616.345	857.182
617.543	834.661
618.739	830.141
619.936	807.121
621.133	781.601
622.33	778.08
623.527	805.06
624.724	784.54
625.92	734.02
627.116	781.999
628.312	765.979
629.508	726.459
630.702	717.439
631.898	721.919
633.093	722.898
634.288	746.878
635.483	714.858
636.678	730.838
637.871	696.817
639.065	698.797
640.26	684.777
641.454	723.757
642.646	694.736
643.84	703.716
645.033	696.696
646.226	691.676
647.418	687.155
648.611	670.635
649.803	655.615
650.996	669.595
652.187	662.575
653.379	651.054
654.571	644.534
655.761	640.514
656.952	634.994
658.144	621.473
659.334	600.453
660.525	601.433
661.715	604.413
662.905	594.392
664.095	590.372
665.285	586.352
666.474	582.332
667.664	548.311
668.852	576.291
670.041	560.271
671.229	565.751
672.418	544.231
673.607	542.21
674.795	532.69
675.983	520.17
677.17	514.15
678.358	505.629
679.545	529.609
680.733	521.089
681.919	529.069
683.106	511.548
684.292	516.028
685.479	491.508
686.665	492.988
687.851	486.468
689.036	479.447
690.221	482.927
691.407	487.407
692.592	477.387
693.778	469.866
694.962	467.846
696.147	462.826
697.331	470.306
698.515	452.785
699.699	462.265
700.883	448.245
702.066	444.225
703.25	464.204
704.433	448.184
705.615	438.664
706.799	450.144
707.981	427.624
709.163	436.103
710.346	430.083
711.528	442.563
712.709	440.043
713.892	418.522
715.073	431.002
716.253	416.482
717.434	429.962
718.616	431.441
719.796	405.421
720.976	419.401
722.156	425.381
723.336	423.361
724.517	420.34
725.696	384.82
726.875	403.3
728.054	400.28
729.233	411.259
730.412	405.739
731.592	391.219
732.77	409.199
733.948	403.678
735.126	385.158
736.303	415.138
737.481	393.118
738.658	390.598
739.835	369.077
741.012	368.057
742.191	383.037
743.367	387.517
744.544	384.996
745.72	385.476
746.896	364.956
748.072	381.936
749.247	372.415
750.423	372.895
751.598	384.875
752.773	370.855
753.948	365.835
755.123	371.314
756.297	373.294
757.472	369.774
758.646	374.754
759.82	365.733
760.994	353.713
762.166	360.693
763.34	367.173
764.513	357.152
765.686	344.632
766.859	366.112
768.032	353.592
769.204	361.571
770.377	356.051
771.549	345.531
772.719	343.511
773.891	350.491
775.063	357.97
776.234	336.95
777.406	340.43
778.577	346.41
779.746	355.889
780.917	342.869
782.088	342.349
783.258	337.829
784.427	353.308
785.597	366.788
786.767	360.768
787.936	344.248
789.104	364.228
790.273	357.207
791.443	351.187
792.612	349.167
793.779	322.147
794.947	366.626
796.116	360.106
797.283	352.586
798.451	343.066
799.618	375.045
800.785	349.025
801.952	371.505
803.119	365.485
804.285	375.464
805.452	370.444
806.617	389.924
807.784	381.904
808.95	361.884
810.115	385.863
811.281	362.843
812.445	388.823
813.611	394.803
814.775	407.282
815.94	407.262
817.104	387.742
818.269	416.222
819.432	406.701
820.597	394.681
821.76	391.661
822.924	409.641
824.087	394.121
825.251	389.6
826.413	385.08
827.576	380.56
828.738	371.54
829.901	382.519
831.063	361.499
832.224	372.979
833.387	375.959
834.548	357.438
835.71	371.418
836.871	379.398
838.031	378.878
839.193	375.357
840.353	358.337
841.513	354.317
842.674	358.297
843.834	361.777
844.993	336.256
846.154	366.736
847.313	376.716
848.472	349.696
849.632	350.675
850.79	350.155
851.948	356.135
853.107	342.615
854.266	335.594
855.424	330.574
856.581	330.554
857.739	311.034
858.896	340.014
860.054	338.993
861.211	321.973
862.368	327.953
863.524	315.933
864.681	325.912
865.838	325.392
866.994	331.872
868.15	322.352
869.306	324.331
870.461	326.811
871.616	335.791
872.772	325.771
873.927	325.25
875.083	325.73
876.237	319.21
877.392	306.19
878.546	316.17
879.7	335.649
880.854	313.629
882.007	329.609
883.161	305.589
884.314	320.068
885.467	303.548
886.62	315.528
887.773	332.508
888.925	324.487
890.078	318.467
891.23	318.447
892.382	331.927
893.534	320.407
894.686	301.386
895.837	329.366
896.989	324.846
898.14	299.326
899.289	305.805
900.44	306.785
901.591	310.765
902.741	306.245
903.892	305.724
905.042	321.204
906.192	327.184
907.341	328.164
908.49	305.144
909.639	316.623
910.788	310.603
911.937	300.083
913.086	313.063
914.234	322.042
915.382	285.022
916.53	311.002
917.679	299.982
918.825	312.961
919.973	312.941
921.121	322.921
922.268	306.901
923.414	312.88
924.561	321.36
925.708	301.84
926.855	309.82
928	309.3
929.146	323.779
930.292	304.759
931.437	305.739
932.583	308.719
933.727	307.698
934.873	322.678
936.018	312.158
937.162	314.138
938.307	287.617
939.452	307.597
940.595	297.577
941.739	291.557
942.882	285.537
944.026	289.516
945.169	291.496
946.313	297.976
947.455	315.456
948.598	310.935
949.74	295.415
950.883	284.395
952.026	294.875
953.167	289.354
954.309	306.334
955.451	315.314
956.592	299.294
957.734	294.773
958.874	304.253
960.016	302.233
961.156	290.213
962.297	322.193
963.437	319.672
964.577	302.652
965.717	308.132
966.857	327.112
967.997	303.591
969.136	309.071
970.275	312.051
971.414	287.031
972.553	299.01
973.691	312.99
974.83	330.47
975.968	322.7
977.106	314.93
978.243	313.909
979.382	316.389
980.519	316.369
981.656	300.349
982.794	305.828
983.931	307.808
985.067	329.788
986.204	298.268
987.34	301.247
988.477	322.227
989.613	314.207
990.748	308.687
991.884	311.667
993.019	309.646
994.155	331.626
995.29	345.606
996.425	344.586
997.559	337.565
998.694	348.545
999.828	377.525
1000.96	361.505
1002.1	336.484
1003.23	335.964
1004.36	332.444
1005.5	299.424
1006.63	300.403
1007.76	315.383
1008.9	308.863
1010.03	298.843
1011.16	282.823
1012.29	299.302
1013.43	302.782
1014.56	296.762
1015.69	299.742
1016.82	299.221
1017.95	287.201
1019.08	298.181
1020.21	305.161
1021.35	294.14
1022.48	280.12
1023.61	305.1
1024.74	316.58
1025.87	293.06
1027	308.039
1028.13	321.519
1029.26	282.999
1030.39	312.479
1031.51	311.458
1032.64	303.438
1033.77	314.918
1034.9	312.398
1036.03	309.877
1037.16	307.857
1038.29	317.837
1039.41	312.317
1040.54	310.797
1041.67	308.776
1042.8	294.256
1043.92	305.736
1045.05	315.716
1046.18	313.195
1047.3	302.675
1048.43	307.655
1049.56	311.635
1050.68	310.614
1051.81	317.594
1052.93	314.574
1054.06	323.054
1055.18	321.533
1056.31	314.513
1057.43	329.493
1058.56	336.973
1059.68	303.453
1060.81	324.432
1061.93	301.412
1063.06	320.892
1064.18	312.872
1065.3	320.351
1066.43	338.331
1067.55	325.811
1068.67	324.291
1069.8	324.77
1070.92	316.75
1072.04	322.73
1073.16	328.21
1074.29	315.19
1075.41	321.669
1076.53	334.149
1077.65	344.129
1078.77	317.609
1079.89	330.588
1081.01	334.068
1082.13	326.048
1083.26	331.028
1084.38	342.507
1085.5	333.487
1086.62	319.467
1087.74	322.947
1088.86	343.426
1089.98	321.406
1091.1	335.386
1092.21	344.366
1093.33	338.846
1094.45	334.325
1095.57	330.805
1096.69	339.285
1097.81	346.765
1098.93	341.744
1100.04	348.724
1101.16	333.704
1102.28	339.184
1103.4	359.163
1104.51	348.143
1105.63	357.123
1106.75	345.603
1107.86	340.583
1108.98	368.062
1110.1	331.542
1111.21	352.022
1112.33	373.502
1113.45	357.481
1114.56	364.461
1115.68	362.441
1116.79	364.921
1117.91	369.9
1119.02	354.38
1120.14	388.36
1121.25	383.34
1122.36	360.319
1123.48	400.299
1124.59	396.779
1125.71	401.259
1126.82	416.739
1127.93	403.218
1129.05	414.198
1130.16	403.178
1131.27	426.158
1132.39	399.637
1133.5	420.117
1134.61	422.597
1135.72	422.077
1136.83	422.556
1137.95	412.036
1139.06	447.016
1140.17	438.996
1141.28	445.476
1142.39	406.955
1143.5	434.935
1144.61	443.915
1145.72	442.395
1146.83	461.374
1147.95	458.354
1149.05	490.834
1150.16	455.314
1151.27	465.293
1152.38	478.273
1153.49	461.753
1154.6	458.733
1155.71	467.713
1156.82	480.692
1157.93	467.172
1159.04	473.152
1160.14	481.132
1161.25	469.611
1162.36	479.591
1163.47	466.571
1164.58	472.551
1165.68	444.03
1166.79	480.01
1167.9	461.49
1169	463.97
1170.11	446.449
1171.22	461.929
1172.32	454.409
1173.43	463.389
1174.53	454.369
1175.64	439.348
1176.75	452.828
1177.85	447.308
1178.96	441.788
1180.06	441.267
1181.17	426.247
1182.27	439.727
1183.37	444.707
1184.48	455.686
1185.58	429.666
1186.69	415.646
1187.79	422.626
1188.89	420.106
1190	412.085
1191.1	413.565
1192.2	430.045
1193.31	401.025
1194.41	415.504
1195.51	425.984
1196.61	399.964
1197.71	407.944
1198.82	409.423
1199.92	391.903
1201.02	396.883
1202.12	384.863
1203.22	380.342
1204.32	363.322
1205.42	389.802
1206.53	384.782
1207.63	373.262
1208.73	379.241
1209.83	374.221
1210.93	373.701
1212.03	362.681
1213.13	356.66
1214.22	371.14
1215.32	365.62
1216.42	363.1
1217.52	373.579
1218.62	355.059
1219.72	357.539
1220.82	352.519
1221.92	357.499
1223.01	325.478
1224.11	337.458
1225.21	359.438
1226.31	348.418
1227.4	365.397
1228.5	344.377
1229.6	356.357
1230.69	354.337
1231.79	363.816
1232.89	342.296
1233.98	359.776
1235.08	334.256
1236.18	347.236
1237.27	349.215
1238.37	331.195
1239.46	339.175
1240.56	330.155
1241.65	335.134
1242.75	346.114
1243.84	340.094
1244.94	348.574
1246.03	347.053
1247.12	351.033
1248.22	343.513
1249.31	333.993
1250.41	351.972
1251.5	320.952
1252.59	344.932
1253.68	351.412
1254.78	320.392
1255.87	331.871
1256.96	361.851
1258.06	347.831
1259.15	350.311
1260.24	344.79
1261.33	367.77
1262.42	343.75
1263.51	350.23
1264.6	359.209
1265.7	360.689
1266.79	368.669
1267.88	351.649
1268.97	350.629
1270.06	365.108
1271.15	357.088
1272.24	369.568
1273.33	344.048
1274.42	365.527
1275.51	356.507
1276.6	363.987
1277.69	359.467
1278.78	352.446
1279.86	364.426
1280.95	355.906
1282.04	365.386
1283.13	367.866
1284.22	351.404
1285.3	382.256
1286.39	377.693
1287.48	356.757
1288.57	366.597
1289.66	346.187
1290.74	353.082
1291.83	363.36
1292.92	360.212
1294	340.12
1295.09	368.482
1296.17	361.823
1297.26	347.82
1298.35	359.97
1299.43	357.406
1300.52	362.893
1301.6	368.289
1302.69	348.395
1303.77	349.492
1304.86	361.912
1305.94	335.049
1307.03	361.643
1308.11	366.807
1309.19	343.24
1310.28	358.142
1311.36	352.527
1312.45	350.811
1313.53	340.81
1314.61	347.67
1315.7	360.825
1316.78	355.072
1317.86	354.727
1318.94	337.533
1320.03	351.626
1321.11	335.641
1322.19	330.348
1323.27	356.566
1324.35	344.485
1325.43	337.786
1326.52	345.413
1327.6	348.362
1328.68	334.445
1329.76	345.865
1330.84	337.63
1331.92	344.738
1333	338.855
1334.08	343.592
1335.16	346.579
1336.24	343.754
1337.32	333.04
1338.4	339.991
1339.48	338.07
1340.56	339.964
1341.64	344.776
1342.71	345.063
1343.79	331.727
1344.87	329.553
1345.95	327.969
1347.03	330.444
1348.1	344.165
1349.18	341.355
1350.26	334.826
1351.34	329.135
1352.41	335.911
1353.49	347.068
1354.57	341.548
1355.64	344.67
1356.72	341.062
1357.8	340.494
1358.87	333.22
1359.95	331.876
1361.02	338.234
1362.1	339.395
1363.17	341.373
1364.25	340.88
1365.32	333.006
1366.4	337.816
1367.47	335.652
1368.55	335.335
1369.62	338.02
1370.7	355.77
1371.77	350.475
1372.85	344.402
1373.92	331.578
1374.99	341.039
1376.07	331.695
1377.14	332.49
1378.21	331.594
1379.28	321.563
1380.36	345.336
1381.43	330.747
1382.5	326.808
1383.57	343.9
1384.65	345.276
1385.72	341.458
1386.79	326.556
1387.86	338.949
1388.93	327.286
1390	320.236
1391.07	327.754
1391.98	310.947
1393.05	331.951
1394.13	323.954
1395.2	338.958
1396.28	314.962
1397.35	310.965
1398.43	334.469
1399.51	322.473
1400.58	308.976
1401.65	331.98
1402.73	335.984
1403.8	323.987
1404.88	321.991
1405.95	318.494
1407.02	304.998
1408.1	308.502
1409.17	329.005
1410.25	316.509
1411.32	312.013
1412.39	309.516
1413.46	304.52
1414.54	307.523
1415.61	315.527
1416.68	316.031
1417.75	312.534
1418.83	326.038
1419.9	318.042
1420.97	333.045
1422.04	316.049
1423.11	313.053
1424.18	322.056
1425.25	316.56
1426.32	298.063
1427.39	302.067
1428.47	301.571
1429.53	311.574
1430.6	318.078
1431.67	320.082
1432.74	324.085
1433.81	318.589
1434.88	340.092
1435.95	320.096
1437.02	302.6
1438.09	318.603
1439.16	292.107
1440.23	322.111
1441.3	322.114
1442.36	325.618
1443.43	324.121
1444.5	321.125
1445.57	316.129
1446.64	331.632
1447.7	319.636
1448.77	303.64
1449.84	314.643
1450.9	296.147
1451.97	309.15
1453.04	285.154
1454.1	312.158
1455.17	304.161
1456.23	304.665
1457.3	320.169
1458.37	311.672
1459.43	309.676
1460.5	303.679
1461.56	296.183
1462.63	312.187
1463.69	313.19
1464.76	310.194
1465.82	293.198
1466.89	335.201
1467.95	312.205
1469.01	321.208
1470.08	312.212
1471.14	303.716
1472.2	293.219
1473.27	307.223
1474.33	321.727
1475.39	325.23
1476.46	302.734
1477.52	316.738
1478.58	319.741
1479.64	314.245
1480.71	335.248
1481.77	321.252
1482.83	319.256
1483.89	317.259
1484.95	309.763
1486.01	302.267
1487.07	314.77
1488.14	314.274
1489.2	322.277
1490.26	323.281
1491.32	313.785
1492.38	307.788
1493.44	294.292
1494.5	319.296
1495.56	319.299
1496.62	307.803
1497.68	303.807
1498.74	315.31
1499.79	310.314
1500.85	310.817
1501.91	317.321
1502.97	319.825
1504.03	329.328
1505.09	298.332
1506.15	310.336
1507.2	303.339
1508.26	320.343
1509.32	310.846
1510.38	312.85
1511.43	317.854
1512.49	299.357
1513.55	318.361
1514.6	316.365
1515.66	293.868
1516.72	311.372
1517.77	323.875
1518.83	320.379
1519.89	302.383
1520.94	293.386
1522	305.39
1523.05	318.394
1524.11	308.897
1525.16	317.401
1526.22	323.404
1527.27	313.408
1528.33	322.412
1529.38	302.415
1530.44	313.419
1531.49	328.423
1532.54	303.426
1533.6	321.43
1534.65	307.433
1535.7	321.437
1536.76	317.441
1537.81	325.944
1538.86	319.948
1539.92	314.452
1540.97	292.455
1542.02	312.459
1543.07	313.462
1544.13	322.966
1545.18	318.47
1546.23	300.473
1547.28	308.477
1548.33	322.481
1549.38	319.484
1550.44	322.988
1551.49	322.492
1552.54	316.995
1553.59	323.999
1554.64	309.502
1555.69	304.006
1556.74	304.51
1557.79	317.513
1558.84	319.517
1559.89	336.021
1560.94	325.524
1561.99	329.528
1563.04	324.531
1564.08	327.035
1565.13	330.039
1566.18	327.542
1567.23	332.046
1568.28	330.55
1569.33	303.553
1570.37	324.557
1571.42	326.06
1572.47	336.064
1573.52	317.568
1574.57	302.571
1575.61	343.575
1576.66	344.079
1577.71	330.582
1578.75	366.586
1579.8	356.09
1580.85	358.593
1581.89	352.597
1582.94	365.6
1583.98	357.604
1585.03	381.608
1586.08	369.611
1587.12	365.615
1588.17	366.619
1589.21	392.122
1590.26	372.126
1591.3	385.129
1592.35	384.633
1593.39	379.137
1594.43	393.14
1595.48	390.144
1596.52	375.148
1597.57	393.651
1598.61	390.655
1599.65	390.658
1600.69	384.162
1601.74	376.166
1602.78	372.669
1603.82	377.173
1604.87	362.677
1605.91	374.68
1606.95	357.684
1607.99	367.188
1609.03	357.691
1610.08	364.695
1611.12	332.698
1612.16	339.702
1613.2	343.706
1614.24	347.209
1615.28	354.713
1616.32	325.716
1617.36	321.72
1618.4	316.724
1619.44	309.727
1620.49	330.731
1621.52	343.735
1622.56	340.738
1623.6	322.742
1624.64	306.746
1625.68	325.749
1626.72	316.753
1627.76	322.756
1628.8	307.76
1629.84	330.264
1630.88	316.767
1631.92	307.771
1632.95	314.775
1633.99	317.278
1635.03	335.782
1636.07	315.285
1637.1	311.789
1638.14	316.293
1639.18	317.796
1640.22	320.3
1641.25	304.804
1642.29	322.807
1643.33	307.311
1644.36	316.814
1645.4	309.818
1646.44	315.822
1647.47	311.825
1648.51	318.329
1649.54	318.833
1650.58	311.836
1651.61	322.84
1652.65	315.344
1653.68	313.847
1654.72	305.851
1655.75	298.854
1656.79	311.858
1657.82	315.362
1658.85	317.865
1659.89	297.369
1660.92	318.373
1661.96	297.876
1662.99	311.88
1664.02	319.883
1665.06	324.387
1666.09	315.891
1667.12	306.394
1668.15	318.898
1669.19	305.902
1670.22	316.905
1671.25	317.909
1672.28	323.412
1673.32	285.916
1674.35	313.92
1675.38	315.923
1676.41	307.927
1677.44	323.931
1678.47	322.934
1679.5	317.938
1680.53	294.941
1681.56	284.945
1682.59	293.949
1683.62	323.952
1684.65	311.956
1685.68	314.46
1686.71	305.963
1687.74	318.967
1688.77	295.97
1689.8	295.974
1690.83	315.978
1691.86	305.481
1692.89	316.485
1693.92	307.989
1694.95	320.492
1695.97	312.496
1697	319
1698.03	310.503
1699.06	323.007
1700.09	324.01
1701.11	316.014
1702.14	318.018
1703.17	319.021
1704.2	312.025
1705.22	308.029
1706.25	310.032
1707.28	312.036
1708.3	320.039
1709.33	304.043
1710.35	312.547
1711.38	303.05
1712.41	312.054
1713.43	308.058
1714.46	324.061
1715.48	315.565
1716.51	328.568
1717.53	312.072
1718.56	322.076
1719.58	317.079
1720.61	315.083
1721.63	319.087
1722.65	318.09
1723.68	306.094
1724.7	306.098
1725.73	321.101
1726.75	304.105
1727.77	320.608
1728.8	309.612
1729.82	311.616
1730.84	332.119
1731.86	301.123
1732.89	331.127
1733.91	313.13
1734.93	303.134
1735.95	336.137
1736.98	330.891
1738	324.145
1739.02	299.148
1740.04	307.652
1741.06	319.156
1742.08	308.159
1743.1	318.163
1744.13	310.166
1745.15	327.67
1746.17	327.174
1747.19	314.177
1748.21	313.681
1749.23	324.185
1750.25	313.688
1751.27	305.192
1752.29	313.195
1753.3	314.699
1754.32	314.203
1755.34	304.206
1756.36	306.21
1757.38	314.214
1758.4	316.217
1759.42	320.221
1760.44	309.224
1761.45	333.728
1762.47	315.232
1763.49	329.235
1764.51	314.239
1765.53	324.743
1766.54	319.746
1767.56	332.75
1768.58	323.254
1769.59	327.257
1770.61	311.261
1771.63	335.264
1772.64	296.268
1773.66	326.772
1774.67	314.275
1775.69	313.779
1776.71	313.783
1777.72	321.786
1778.74	329.29
1779.75	334.293
1780.77	308.797
1781.78	316.301
1782.8	322.804
1783.81	322.808
1784.83	313.312
1785.84	303.315
1786.86	317.319
1787.87	313.322
1788.88	321.326
1789.9	326.33
1790.91	324.333
1791.92	333.837
1792.94	313.341
1793.95	311.344
1794.96	306.348
1795.98	316.351
1796.99	321.355
1798	312.359
1799.01	325.362
1800.02	307.366
1801.04	325.37
1802.05	311.873
1803.06	318.877
1804.07	327.881
1805.08	310.384
1806.09	319.388
1807.11	329.391
1808.12	306.395
1809.13	315.899
1810.14	314.402
1811.15	322.406
1812.16	329.41
1813.17	331.413
1814.18	318.917
1815.19	330.92
1816.2	329.424
1817.21	318.428
1818.22	319.431
1819.23	330.435
1820.23	326.439
1821.24	326.942
1822.25	328.946
1823.26	339.949
1824.27	336.453
1825.28	314.457
1826.28	322.96
1827.29	320.464
1828.3	328.468
1829.31	327.471
1830.32	336.975
1831.32	335.478
1832.33	352.982
1833.34	333.486
1834.34	338.989
1835.35	328.993
1836.36	322.497
1837.36	337
1838.37	327.504
1839.38	341.508
1840.38	331.511
1841.39	336.515
1842.39	325.518
1843.4	339.022
1844.4	329.526
1845.41	359.029
1846.41	332.533
1847.42	344.537
1848.42	336.54
1849.43	330.544
1850.43	352.047
1851.44	344.051
1852.44	333.055
1853.44	334.558
1854.45	352.062
1855.45	336.566
1856.45	326.569
1857.46	334.073
1858.46	331.576
1859.46	355.58
1860.47	338.584
1861.47	347.587
1862.47	332.091
1863.47	323.595
1864.47	336.598
1865.48	342.102
1866.48	349.105
1867.48	336.609
1868.48	357.113
1869.48	337.616
1870.48	352.62
1871.49	339.124
1872.49	346.127
1873.49	322.631
1874.49	344.135
1875.49	335.138
1876.49	340.642
1877.49	321.145
1878.49	330.649
1879.49	355.653
1880.49	347.656
1881.49	325.66
1882.49	340.664
1883.49	338.667
1884.49	346.171
1885.48	349.174
1886.48	330.678
1887.48	331.682
1888.48	324.685
1889.48	339.689
1890.48	346.193
1891.47	335.696
1892.47	336.7
1893.47	355.703
1894.47	348.707
1895.46	332.211
1896.46	343.714
1897.46	343.218
1898.46	320.222
1899.45	349.225
1900.45	328.729
1901.44	340.732
1902.44	325.236
1903.44	346.74
1904.43	324.243
1905.43	335.747
1906.42	332.251
1907.42	326.254
1908.42	342.758
1909.41	333.262
1910.41	323.765
1911.4	351.769
1912.4	333.772
1913.39	328.776
1914.39	349.78
1915.38	330.783
1916.37	341.787
1917.37	324.791
1918.36	343.794
1919.35	352.298
1920.35	334.301
1921.34	347.305
1922.33	360.309
1923.33	336.812
1924.32	328.316
1925.31	320.82
1926.31	336.823
1927.3	343.327
1928.29	334.83
1929.28	343.834
1930.27	352.838
1931.27	342.841
1932.26	351.345
1933.25	349.349
1934.24	339.852
1935.23	335.856
1936.22	342.359
1937.21	352.863
1938.21	341.867
1939.2	344.87
1940.19	354.374
1941.18	337.878
1942.17	353.881
1943.16	341.885
1944.15	339.889
1945.14	347.392
1946.13	347.896
1947.11	352.399
1948.1	345.903
1949.09	341.907
1950.08	353.91
1951.07	346.914
1952.06	358.418
1953.05	357.421
1954.04	334.925
1955.02	331.928
1956.01	353.932
1957	358.936
1957.99	357.939
1958.98	352.443
1959.96	360.447
1960.95	335.95
1961.94	355.954
1962.92	344.957
1963.91	383.961
1964.9	353.965
1965.88	358.468
1966.87	371.472
1967.86	363.976
1968.84	371.979
1969.83	372.983
1970.81	354.986
1971.8	350.49
1972.79	362.494
1973.77	380.997
1974.76	363.001
1975.74	369.005
1976.72	371.508
1977.71	358.012
1978.69	360.016
1979.68	339.019
1980.66	352.023
1981.65	359.026
1982.63	379.03
1983.62	362.034
1984.6	359.037
1985.58	350.541
1986.56	371.045
1987.55	363.048
1988.53	366.052
1989.51	357.555
1990.5	351.559
1991.48	355.563
1992.46	352.566
1993.44	356.57
1994.43	360.074
1995.41	356.577
1996.39	361.581
1997.37	361.084
1998.35	371.088
1999.33	345.092
2000.32	375.595
2001.3	351.099
2002.28	361.103
2003.26	353.106
2004.24	363.61
2005.22	352.613
2006.2	355.117
2007.18	349.121
2008.16	354.124
2009.14	356.628
2010.12	356.132
2011.1	357.135
2012.08	364.139
2013.06	350.143
2014.04	346.146
2015.02	335.15
2015.99	349.153
2016.97	348.157
2017.95	356.661
2018.93	358.664
2019.91	352.168
2020.89	358.172
2021.86	348.175
2022.84	348.679
2023.82	362.182
2024.8	354.186
2025.77	358.69
2026.75	340.193
2027.73	363.697
2028.7	365.701
2029.68	355.704
2030.66	336.208
2031.63	361.211
2032.61	347.215
2033.59	365.219
2034.56	334.222
2035.54	366.726
2036.51	352.23
2037.49	359.233
2038.46	354.737
2039.44	347.24
2040.42	370.744
2041.39	371.248
2042.37	372.251
2043.34	358.255
2044.31	357.759
2045.29	368.762
2046.26	363.266
2047.24	370.27
2048.21	366.773
2049.18	369.277
2050.16	357.28
2051.13	354.284
2052.1	363.288
2053.08	354.291
2054.05	359.795
2055.02	371.299
2056	355.302
2056.97	359.306
2057.94	370.809
2058.91	385.313
2059.89	373.317
2060.86	361.82
2061.83	381.824
2062.8	356.328
2063.77	373.331
2064.74	369.335
2065.72	359.838
2066.69	380.842
2067.66	361.346
2068.63	369.349
2069.6	364.353
2070.57	378.357
2071.54	377.36
2072.51	376.864
2073.48	376.367
2074.45	353.871
2075.42	370.375
2076.39	384.378
2077.36	379.882
2078.33	383.386
2079.3	372.889
2080.26	367.393
2081.23	365.897
2082.2	381.9
2083.17	373.904
2084.14	388.407
2085.11	384.411
2086.08	363.915
2087.04	386.918
2088.01	376.422
2088.98	370.426
2089.95	362.929
2090.91	357.433
2091.88	377.936
2092.85	369.44
2093.81	369.944
2094.78	390.447
2095.75	366.951
2096.71	385.455
2097.68	375.458
2098.65	374.462
2099.61	383.965
2100.58	377.469
2101.54	378.973
2102.51	369.976
2103.48	381.98
2104.44	377.484
2105.41	381.487
2106.37	373.491
2107.34	372.494
2108.3	393.498
2109.26	372.502
2110.23	365.505
2111.19	368.509
2112.16	377.513
2113.12	372.016
2114.09	374.02
2115.05	372.024
2116.01	376.027
2116.98	378.031
2117.94	373.534
2118.9	383.038
2119.86	377.042
2120.83	377.545
2121.79	382.549
2122.75	360.553
2123.72	386.056
2124.68	367.56
2125.64	371.563
2126.6	378.567
2127.56	370.071
2128.53	377.074
2129.49	346.578
2130.45	373.082
2131.41	366.085
2132.37	380.589
2133.33	374.592
2134.29	367.596
2135.25	378.1
2136.21	353.603
2137.17	388.107
2138.13	368.611
2139.09	365.614
2140.05	375.618
2141.01	375.121
2141.97	354.625
2142.93	376.629
2143.89	366.632
2144.85	361.636
2145.81	374.14
2146.77	376.643
2147.73	384.647
2148.68	371.151
2149.64	379.654
2150.6	362.658
2151.56	378.661
2152.52	365.165
2153.48	361.669
2154.43	386.172
2155.39	369.676
2156.35	390.68
2157.3	370.683
2158.26	375.187
2159.22	369.69
2160.17	377.694
2161.13	379.698
2162.09	389.701
2163.04	377.205
2164	357.709
2164.96	384.212
2165.91	367.716
2166.87	364.719
2167.82	358.223
2168.78	400.727
2169.73	371.73
2170.69	388.234
2171.65	384.738
2172.6	383.741
2173.56	389.245
2174.51	388.749
2175.46	385.752
2176.42	387.756
2177.37	366.759
2178.33	397.263
2179.28	389.767
2180.23	380.77
2181.19	386.774
2182.14	399.778
2183.09	387.781
2184.05	381.785
2185	362.788
2185.95	395.292
2186.91	391.296
2187.86	382.799
2188.81	358.803
2189.76	393.807
2190.72	383.81
2191.67	394.314
2192.62	393.817
2193.57	394.821
2194.52	394.825
2195.47	369.828
2196.43	380.832
2197.38	366.836
2198.33	413.839
2199.28	378.843
2200.23	380.846
2201.18	384.35
2202.13	382.854
2203.08	395.857
2204.03	373.861
2204.98	376.365
2205.93	388.368
2206.88	377.872
2207.83	376.875
2208.78	386.879
2209.73	376.883
2210.68	386.886
2211.63	378.89
2212.57	380.394
2213.52	386.397
2214.47	396.401
2215.42	377.905
2216.37	390.408
2217.32	381.912
2218.26	391.915
2219.21	393.919
2220.16	376.923
2221.11	381.926
2222.05	392.93
2223	391.934
2223.95	396.272
2224.9	385.633
2225.84	381.44
2226.79	397.114
2227.74	394.432
2228.68	383.861
2229.63	380.198
2230.58	385.542
2231.52	379.351
2232.47	374.351
2233.41	386.242
2234.36	387.449
2235.3	372.313
2236.25	381.174
2237.19	379.021
2238.14	380.19
2239.08	396.325
2240.03	400.552
2240.97	383.324
2241.92	386.133
2242.86	382.002
2243.81	385.166
2244.75	384.572
2245.69	396.854
2246.64	379.46
2247.58	376.538
2248.52	378.113
2249.47	395.371
2250.41	383.123
2251.35	378.914
2252.3	398.813
2253.24	391.1
2254.18	391.483
2255.12	379.99
2256.07	392.383
2257.01	384.573
2257.95	383.237
2258.89	393.3
2259.83	386.44
2260.77	386.039
2261.72	392.997
2262.66	385.404
2263.6	391.505
2264.54	396.391
2265.48	382.111
2266.42	379.893
2267.36	384.271
2268.3	390.798
2269.24	385.899
2270.18	387.343
2271.12	391.99
2272.06	394.554
2273	385.17
2273.94	393.589
2274.88	389.599
2275.82	393.697
2276.76	385.554
2277.7	393.679
2278.64	393.761
2279.57	394.679
2280.51	395.605
2281.45	399.099
2282.39	391.27
2283.33	397.85
2284.27	400.225
2285.2	393.656
2286.14	402.09
2287.08	395.249
2288.02	411.292
2288.95	403.549
2289.89	388.046
2290.83	404.722
2291.77	398.121
2292.7	402.238
2293.64	417.629
2294.57	412.495
2295.51	409.832
2296.45	413.841
2297.38	413.196
2298.32	400.839
2299.25	390.892
2300.19	406.082
2301.13	380.536
2302.06	399.835
2303	402.951
2303.93	404.761
2304.87	389.63
2305.8	413.865
2306.74	412.941
2307.67	400.811
2308.6	406.742
2309.54	403.041
2310.47	411.513
2311.41	409.268
2312.34	419.217
2313.27	403.503
2314.21	407.643
2315.14	417.427
2316.07	405.411
2317.01	391.14
2317.94	422.107
2318.88	400.672
2319.81	411.678
2320.75	418.684
2321.69	428.691
2322.63	431.697
2323.56	411.704
2324.5	413.71
2325.44	414.216
2326.37	419.723
2327.31	423.229
2328.25	429.236
2329.18	417.742
2330.12	415.248
2331.05	413.755
2331.99	425.761
2332.93	410.768
2333.86	398.274
2334.8	418.78
2335.73	417.287
2336.67	409.793
2337.6	418.8
2338.54	422.806
2339.47	401.813
2340.41	420.319
2341.34	409.825
2342.27	416.832
2343.21	402.338
2344.14	416.345
2345.08	406.851
2346.01	420.857
2346.94	430.864
2347.88	405.37
2348.81	391.877
2349.74	415.883
2350.68	416.889
2351.61	432.896
2352.54	401.402
2353.47	430.409
2354.41	417.915
2355.34	413.421
2356.27	405.928
2357.2	408.434
2358.13	413.941
2359.07	417.447
2360	408.453
2360.93	417.46
2361.86	415.466
2362.79	401.973
2363.72	426.479
2364.65	403.985
2365.58	395.992
2366.51	416.998
2367.44	424.005
2368.38	413.011
2369.31	426.017
2370.24	413.024
2371.17	431.53
2372.1	430.037
2373.02	412.043
2373.95	416.549
2374.88	406.056
2375.81	407.062
2376.74	415.569
2377.67	415.575
2378.6	411.081
2379.53	411.088
2380.46	410.594
2381.39	390.601
2382.31	422.107
2383.24	412.113
2384.17	434.12
2385.1	421.126
2386.03	414.633
2386.95	413.139
2387.88	415.145
2388.81	428.152
2389.74	430.158
2390.66	427.165
2391.59	428.171
2392.52	414.177
2393.44	439.184
2394.37	415.19
2395.3	434.697
2396.22	421.203
2397.15	421.21
2398.07	411.216
2399	421.222
2399.92	425.229
2400.85	422.735
2401.78	425.742
2402.7	422.248
2403.63	436.754
2404.55	427.261
2405.48	406.267
2406.4	419.274
2407.33	415.28
2408.25	414.786
2409.17	438.793
2410.1	418.799
2411.02	424.306
2411.95	423.812
2412.87	440.318
2413.79	411.325
2414.72	434.331
2415.64	445.338
2416.56	441.344
2417.49	441.85
2418.41	435.357
2419.33	443.363
2420.26	434.37
2421.18	427.376
2422.1	437.382
2423.02	429.889
2423.94	440.895
2424.87	432.902
2425.79	416.408
2426.71	436.414
2427.63	438.421
2428.55	429.427
2429.47	431.934
2430.4	449.44
2431.32	430.446
2432.24	435.953
2433.16	441.959
2434.08	431.466
2435	449.472
2435.92	447.478
2436.84	414.485
2437.76	439.991
2438.68	431.498
2439.6	437.504
2440.52	438.51
2441.44	414.517
2442.36	434.023
2443.28	444.53
2444.2	428.036
2445.11	441.542
2446.03	440.049
2446.95	430.555
2447.87	419.562
2448.79	425.068
2449.71	462.574
2450.63	432.581
2451.54	419.587
2452.46	456.094
2453.38	445.6
2454.3	444.606
2455.21	449.613
2456.13	441.619
2457.05	446.626
2457.97	423.132
2458.88	394.639
2459.8	428.645
2460.72	451.151
2461.63	443.658
2462.55	448.664
2463.47	433.671
2464.38	434.677
2465.3	418.683
2466.21	435.69
2467.13	430.196
2468.04	459.703
2468.96	447.709
2469.88	447.715
2470.79	452.222
2471.71	446.228
2472.62	436.735
2473.53	457.741
2474.45	446.747
2475.36	433.254
2476.28	400.26
2477.19	437.267
2478.11	448.773
2479.02	459.279
2479.93	437.786
2480.85	447.292
2481.76	444.299
2482.68	427.805
2483.59	437.311
2484.5	437.818
2485.42	454.824
2486.33	457.831
2487.24	445.337
2488.15	447.843
2489.07	425.85
2489.98	434.356
2490.89	437.863
2491.8	461.869
2492.71	431.875
2493.63	452.882
2494.54	442.388
2495.45	439.395
2496.36	434.401
2497.27	442.407
2498.18	437.914
2499.09	420.92
2500	444.927
2500.92	430.933
2501.83	446.94
2502.74	463.946
2503.65	447.452
2504.56	436.459
2505.47	432.965
2506.38	447.471
2507.29	450.978
2508.2	443.984
2509.11	437.991
2510.02	444.497
2510.92	424.004
2511.83	448.01
2512.74	454.516
2513.65	438.523
2514.56	436.029
2515.47	420.036
2516.38	449.542
2517.29	435.048
2518.19	447.055
2519.1	430.561
2520.01	426.068
2520.92	429.074
2521.82	457.08
2522.73	447.587
2523.64	429.593
2524.55	438.1
2525.45	431.606
2526.36	463.612
2527.27	451.119
2528.18	435.125
2529.08	450.132
2529.99	459.138
2530.89	445.644
2531.8	463.151
2532.71	432.157
2533.61	411.164
2534.52	445.17
2535.42	452.176
2536.33	456.183
2537.23	440.189
2538.14	439.196
2539.04	452.702
2539.95	454.208
2540.85	439.215
2541.76	412.221
2542.66	469.228
2543.57	430.234
2544.47	448.24
2545.38	451.247
2546.28	434.253
2547.18	418.76
2548.09	437.266
2548.99	470.272
2549.9	460.279
2550.8	437.285
2551.7	429.292
2552.61	450.798
2553.51	435.804
2554.41	448.811
2555.31	423.317
2556.22	453.824
2557.12	437.33
2558.02	464.336
2558.92	463.343
2559.83	462.349
2560.73	466.856
2561.63	462.362
2562.53	454.368
2563.43	448.875
2564.33	457.881
2565.23	458.388
2566.14	450.394
2567.04	461.401
2567.94	450.407
2568.84	428.913
2569.74	464.42
2570.64	472.426
2571.54	454.933
2572.44	460.439
2573.34	467.445
2574.24	443.952
2575.14	460.458
2576.04	462.465
2576.94	433.471
2577.84	462.477
2578.74	465.484
2579.64	455.49
2580.54	446.497
2581.44	462.503
2582.33	455.509
2583.23	470.016
2584.13	473.022
2585.03	466.529
2585.93	463.535
2586.83	461.541
2587.72	451.048
2588.62	454.054
2589.52	447.561
2590.42	444.567
2591.31	474.573
2592.21	444.58
2593.11	451.086
2594.01	473.593
2594.9	442.599
2595.8	465.605
2596.7	474.612
2597.59	472.618
2598.49	456.625
2599.38	440.131
2600.28	463.637
2601.18	466.644
2602.07	455.65
2602.97	441.657
2603.86	467.163
2604.76	460.669
2605.65	449.676
2606.55	451.682
2607.45	468.189
2608.34	462.695
2609.23	465.701
2610.13	457.208
2611.02	456.714
2611.92	461.721
2612.81	463.227
2613.71	476.734
2614.6	456.24
2615.5	445.746
2616.39	449.753
2617.28	431.759
2618.18	442.766
2619.07	449.772
2619.96	460.778
2620.86	427.785
2621.75	456.291
2622.64	461.298
2623.53	461.304
2624.43	478.31
2625.32	450.317
2626.21	476.323
2627.1	469.83
2628	454.336
2628.89	461.842
2629.78	472.849
2630.67	467.855
2631.56	455.862
2632.45	468.368
2633.35	454.374
2634.24	435.881
2635.13	479.387
2636.02	443.894
2636.91	460.9
2637.8	466.906
2638.69	470.913
2639.58	429.919
2640.47	460.926
2641.36	451.932
2642.25	432.938
2643.14	446.445
2644.03	447.451
2644.92	443.958
2645.81	456.464
2646.7	439.97
2647.59	460.977
2648.48	457.983
2649.37	463.49
2650.25	447.996
2651.14	475.003
2652.03	451.009
2652.92	454.015
2653.81	467.022
2654.7	438.028
2655.58	468.534
2656.47	438.041
2657.36	448.047
2658.25	468.054
2659.13	463.06
2660.02	441.066
2660.91	466.573
2661.8	453.579
2662.68	465.086
2663.57	460.092
2664.46	462.098
2665.34	462.105
2666.23	448.611
2667.12	464.618
2668	451.124
2668.89	458.131
2669.78	457.137
2670.66	460.643
2671.55	442.15
2672.43	483.656
2673.32	464.163
2674.2	459.169
2675.09	451.175
2675.97	455.182
2676.86	454.188
2677.74	461.195
2678.63	477.701
2679.51	453.207
2680.4	469.714
2681.28	467.22
2682.16	465.227
2683.05	462.233
2683.93	467.739
2684.82	438.246
2685.7	470.252
2686.58	466.259
2687.47	464.265
2688.35	451.271
2689.23	455.778
2690.12	454.284
2691	466.791
2691.88	461.297
2692.76	470.803
2693.65	462.31
2694.53	461.316
2695.41	464.323
2696.29	465.829
2697.18	463.335
2698.06	466.842
2698.94	464.848
2699.82	473.355
2700.7	466.361
2701.58	468.367
2702.46	449.374
2703.35	476.88
2704.23	479.387
2705.11	474.393
2705.99	460.399
2706.87	481.906
2707.75	479.912
2708.63	466.919
2709.51	443.425
2710.39	471.931
2711.27	496.938
2712.15	461.944
2713.03	462.451
2713.91	478.457
2714.79	475.463
2715.67	441.47
2716.55	478.476
2717.42	477.983
2718.3	495.989
2719.18	472.496
2720.06	463.502
2720.94	480.008
2721.82	467.515
2722.7	479.521
2723.57	475.527
2724.45	483.034
2725.33	482.54
2726.21	479.547
2727.08	444.553
2727.96	476.56
2728.84	465.566
2729.72	455.572
2730.59	482.579
2731.47	448.585
2732.35	455.592
2733.22	485.598
2734.1	450.104
2734.98	475.111
2735.85	469.617
2736.73	459.124
2737.61	471.63
2738.48	460.136
2739.36	467.143
2740.23	477.149
2741.11	456.656
2741.98	436.662
2742.86	469.668
2743.73	462.175
2744.61	469.181
2745.49	448.688
2746.36	479.194
2747.23	459.7
2748.11	466.707
2748.98	450.713
2749.86	470.72
2750.73	470.226
2751.61	467.232
2752.48	457.239
2753.35	462.745
2754.23	460.252
2755.1	476.758
2755.97	444.264
2756.85	459.771
2757.72	471.277
2758.59	457.784
2759.47	458.29
2760.34	479.796
2761.21	470.803
2762.08	447.309
2762.96	439.816
2763.83	468.322
2764.7	462.328
2765.57	433.835
2766.44	474.341
2767.32	483.348
2768.19	450.854
2769.06	446.861
2769.93	463.867
2770.8	448.873
2771.67	451.38
2772.54	460.886
2773.41	465.893
2774.29	467.899
2775.16	477.405
2776.03	472.412
2776.9	469.918
2777.77	475.925
2778.64	476.931
2779.51	452.437
2780.38	479.944
2781.25	496.45
2782.12	461.457
2782.99	455.963
2783.86	460.969
2784.72	458.476
2785.59	458.982
2786.46	443.989
2787.33	451.995
2788.2	460.001
2789.07	466.008
2789.94	441.014
2790.81	472.021
2791.67	430.027
2792.54	457.033
2793.41	463.54
2794.28	456.046
2795.14	465.053
2796.01	458.059
2796.88	458.565
2797.75	469.072
2798.61	456.078
2799.48	451.585
2800.35	455.591
2801.21	464.597
2802.08	457.104
2802.95	455.11
2803.82	464.617
2804.68	477.123
2805.55	475.129
2806.41	457.136
2807.28	465.142
2808.15	475.149
2809.01	464.655
2809.88	458.661
2810.74	467.668
2811.61	468.674
2812.47	471.181
2813.34	445.187
2814.2	468.193
2815.07	481.2
2815.93	466.706
2816.8	485.213
2817.66	461.219
2818.52	479.225
2819.39	475.232
2820.25	472.238
2821.12	466.245
2821.98	479.751
2822.84	462.258
2823.71	479.264
2824.57	469.77
2825.43	474.277
2826.3	458.283
2827.16	494.29
2828.02	461.796
2828.89	483.302
2829.75	459.309
2830.61	499.315
2831.47	498.322
2832.34	472.828
2833.2	486.334
2834.06	482.341
2834.92	497.347
2835.78	490.854
2836.65	498.36
2837.51	511.866
2838.37	497.873
2839.23	489.379
2840.09	508.886
2840.95	494.892
2841.81	527.898
2842.68	523.405
2843.54	528.911
2844.4	531.418
2845.26	515.424
2846.12	521.93
2846.98	499.437
2847.84	515.443
2848.7	485.45
2849.56	499.456
2850.42	498.462
2851.28	509.969
2852.14	525.475
2852.99	494.482
2853.85	488.488
2854.71	493.994
2855.57	493.501
2856.43	484.507
2857.29	492.014
2858.15	479.02
2859.01	505.526
2859.86	479.533
2860.72	493.039
2861.58	501.546
2862.44	488.552
2863.3	483.058
2864.15	483.315
2865.01	481.071
2865.87	462.078
2866.73	481.084
2867.58	475.59
2868.44	482.597
2869.3	482.603
2870.16	464.61
2871.01	472.116
2871.87	467.122
2872.73	435.629
2873.58	463.635
2874.44	463.642
2875.29	468.648
2876.15	456.655
2877.01	472.661
2877.86	452.667
2878.72	459.674
2879.57	465.68
2880.43	468.687
2881.28	459.193
2882.14	480.699
2882.99	438.706
2883.85	474.712
2884.7	461.219
2885.56	469.225
2886.41	473.231
2887.27	474.738
2888.12	461.744
2888.97	461.751
2889.83	465.757
2890.68	465.763
2891.54	459.77
2892.39	419.776
2893.24	462.283
2894.1	464.289
2894.95	462.795
2895.8	432.802
2896.66	465.808
2897.51	470.315
2898.36	468.821
2899.21	448.827
2900.07	447.834
2900.92	470.84
2901.77	459.347
2902.62	476.353
2903.48	467.859
2904.33	458.866
2905.18	471.872
2906.03	469.879
2906.88	450.885
2907.73	465.891
2908.59	455.898
2909.44	466.404
2910.29	463.911
2911.14	446.917
2911.99	472.923
2912.84	445.93
2913.69	441.936
2914.54	463.943
2915.39	460.949
2916.24	451.955
2917.09	440.962
2917.94	449.968
2918.79	470.475
2919.64	461.981
2920.49	462.987
2921.34	437.994
2922.19	465
2923.04	482.507
2923.89	468.013
2924.74	451.02
2925.59	477.026
2926.43	474.032
2927.28	468.039
2928.13	474.045
2928.98	486.052
2929.83	480.558
2930.68	488.564
2931.52	503.071
2932.37	498.577
2933.22	482.084
2934.07	526.09
2934.92	505.096
2935.76	514.103
2936.61	478.609
2937.46	481.116
2938.3	446.122
2939.15	477.128
2940	459.135
2940.84	479.641
2941.69	475.648
2942.54	473.154
2943.38	475.16
2944.23	474.667
2945.08	479.173
2945.92	481.18
2946.77	464.186
2947.61	468.192
2948.46	472.699
2949.3	466.705
2950.15	465.212
2950.99	468.218
2951.84	470.224
2952.68	477.731
2953.53	469.237
2954.37	448.244
2955.22	467.25
2956.06	455.756
2956.91	472.263
2957.75	479.269
2958.6	467.276
2959.44	475.282
2960.28	480.288
2961.13	465.295
2961.97	466.801
2962.81	484.308
2963.66	469.314
2964.5	457.32
2965.34	481.827
2966.19	461.333
2967.03	458.84
2967.87	465.346
2968.72	461.353
2969.56	486.859
2970.4	462.365
2971.24	457.372
2972.08	477.378
2972.93	468.384
2973.77	438.391
2974.61	465.897
2975.45	476.404
2976.29	453.91
2977.14	459.917
2977.98	465.423
2978.82	458.429
2979.66	455.436
2980.5	474.942
2981.34	457.449
2982.18	466.455
2983.02	469.961
2983.86	474.468
2984.7	463.474
2985.54	450.981
2986.38	451.487
2987.22	461.493
2988.06	461.5
2988.9	459.006
2989.74	482.513
2990.58	464.519
2991.42	467.525
2992.26	458.532
2993.1	447.538
2993.94	459.545
2994.78	467.051
2995.62	434.057
2996.46	469.564
2997.29	470.07
2998.13	454.577
2998.97	467.083
2999.81	449.589
3000.65	453.096
3001.48	461.602
3002.32	448.109
3003.16	455.615
3004	452.621
3004.84	452.628
3005.67	450.634
3006.51	462.641
3007.35	466.147
3008.18	465.653
3009.02	456.16
3009.86	463.666
3010.69	443.673
3011.53	471.679
3012.37	452.185
3013.2	452.692
3014.04	462.698
3014.88	458.705
3015.71	444.711
3016.55	446.717
3017.38	448.224
3018.22	462.23
3019.05	459.737
3019.89	459.243
3020.72	446.749
3021.56	439.756
3022.39	457.762
3023.23	441.769
3024.06	431.775
3024.9	456.781
3025.73	434.788
3026.57	477.294
3027.4	454.301
3028.24	475.807
3029.07	447.814
3029.9	448.82
3030.74	425.826
3031.57	459.333
3032.4	457.339
3033.24	450.346
3034.07	452.852
3034.9	471.858
3035.74	456.365
3036.57	450.371
3037.4	436.878
3038.23	452.384
3039.07	458.39
3039.9	438.897
3040.73	469.403
3041.57	443.91
3042.4	438.916
3043.23	453.922
3044.06	430.081
3044.89	465.7
3045.72	441.45
3046.56	459.066
3047.39	458.657
3048.22	443.726
3049.05	457.927
3049.88	458.1
3050.71	451.996
3051.54	454.16
3052.37	447.47
3053.2	460.392
3054.03	457.589
3054.86	443.812
3055.69	437.475
3056.52	450.51
3057.35	451.833
3058.18	469.576
3059.01	450.761
3059.84	456.307
3060.67	453.027
3061.5	446.415
3062.33	457.477
3063.16	443.109
3063.99	473.027
3064.82	453.931
3065.65	467.348
3066.48	472.442
3067.3	462.161
3068.13	444.47
3068.96	456.742
3069.79	461.806
3070.62	462.577
3071.44	459.367
3072.27	455.243
3073.1	453.804
3073.93	471.235
3074.76	452.378
3075.58	450.208
3076.41	439.581
3077.24	460.65
3078.06	456.072
3078.89	465.462
3079.72	452.92
3080.54	460.452
3081.37	435.378
3082.2	450.243
3083.02	446.731
3083.85	457.684
3084.68	467.841
3085.5	463.711
3086.33	462.977
3087.15	452.682
3087.98	458.28
3088.8	455.129
3089.63	451.466
3090.46	447.076
3091.28	455.576
3092.1	457.61
3092.93	455.789
3093.75	452.85
3094.58	435.206
3095.4	441.448
3096.23	454.49
3097.05	446.755
3097.88	459.774
3098.7	447.46
3099.52	455.999
3100.35	458.44
3101.17	456.462
3102	454.091
3102.82	437.231
3103.64	442.166
3104.47	440.626
3105.29	439.943
3106.11	454.057
3106.94	460.039
3107.76	449.882
3108.58	442.976
3109.4	446.756
3110.23	441.13
3111.05	449.161
3111.87	450.603
3112.69	443.332
3113.51	440.548
3114.34	451.475
3115.16	443.424
3115.98	440.164
3116.8	451.433
3117.62	450.797
3118.44	447.309
3119.26	443.81
3120.08	449.543
3120.91	442.842
3121.73	437.372
3122.55	438.01
3123.37	437.869
3124.19	428.095
3125.01	451.72
3125.83	452.146
3126.65	433.112
3127.47	433.922
3128.13	437.894
3128.96	440.393
3129.78	439.891
3130.61	414.89
3131.43	450.888
3132.25	430.886
3133.08	442.385
3133.9	452.883
3134.72	433.882
3135.55	436.38
3136.37	443.878
3137.19	435.877
3138.02	427.875
3138.84	436.373
3139.66	450.372
3140.49	445.37
3141.31	437.869
3142.13	442.867
3142.95	455.365
3143.77	436.364
3144.6	438.862
3145.42	436.861
3146.24	425.859
3147.06	434.857
3147.89	439.356
3148.71	435.854
3149.53	436.853
3150.35	448.851
3151.17	466.849
3151.99	444.848
3152.81	430.846
3153.63	433.845
3154.45	448.843
3155.27	439.841
3156.09	438.34
3156.92	445.838
3157.74	434.837
3158.56	419.835
3159.38	427.833
3160.2	423.832
3161.02	435.33
3161.83	435.328
3162.65	427.827
3163.47	441.825
3164.29	436.824
3165.11	456.322
3165.93	441.32
3166.75	420.819
3167.57	430.317
3168.39	431.816
3169.21	431.814
3170.03	430.312
3170.84	439.311
3171.66	430.809
3172.48	435.808
3173.3	440.806
3174.12	412.804
3174.93	416.303
3175.75	435.801
3176.57	419.3
3177.39	445.798
3178.21	431.796
3179.02	423.795
3179.84	427.293
3180.66	427.792
3181.47	450.79
3182.29	426.288
3183.11	436.287
3183.92	450.285
3184.74	433.283
3185.56	423.782
3186.37	434.28
3187.19	425.779
3188	433.777
3188.82	411.775
3189.64	427.274
3190.45	434.772
3191.27	435.771
3192.08	415.269
3192.9	428.767
3193.71	434.266
3194.53	411.764
3195.34	431.763
3196.16	445.761
3196.97	428.759
3197.79	429.258
3198.6	433.256
3199.42	432.755
3200.23	429.253
3201.05	437.251
3201.86	418.75
3202.67	429.248
3203.49	420.747
3204.3	431.245
3205.12	426.743
3205.93	415.742
3206.74	421.74
3207.56	433.238
3208.37	419.737
3209.18	426.235
3209.99	434.234
3210.81	431.732
3211.62	431.23
3212.43	447.229
3213.25	442.727
3214.06	436.726
3214.87	439.724
3215.68	441.222
3216.49	424.221
3217.31	409.719
3218.12	447.718
3218.93	425.716
3219.74	431.714
3220.55	433.213
3221.36	417.711
3222.17	428.21
3222.99	452.708
3223.8	422.206
3224.61	440.705
3225.42	414.703
3226.23	427.702
3227.04	428.7
3227.85	422.698
3228.66	419.697
3229.47	434.695
3230.28	430.693
3231.09	435.192
3231.9	444.69
3232.71	444.689
3233.52	431.187
3234.33	445.185
3235.14	420.684
3235.95	414.682
3236.76	431.181
3237.57	428.679
3238.38	412.677
3239.19	420.676
3239.99	430.174
3240.8	416.673
3241.61	433.671
3242.42	411.669
3243.23	406.668
3244.04	422.666
3244.84	425.665
3245.65	399.663
3246.46	424.161
3247.27	418.16
3248.08	420.158
3248.88	441.657
3249.69	409.655
3250.5	436.153
3251.3	430.152
3252.11	426.65
3252.92	415.648
3253.73	417.647
3254.53	422.645
3255.34	420.644
3256.15	434.642
3256.95	406.64
3257.76	407.639
3258.56	412.637
3259.37	422.636
3260.18	420.134
3260.98	417.632
3261.79	414.631
3262.59	430.629
3263.4	408.628
3264.2	404.126
3265.01	409.124
3265.82	416.623
3266.62	373.621
3267.42	428.62
3268.23	407.118
3269.03	408.616
3269.84	410.615
3270.64	419.613
3271.45	417.112
3272.25	415.11
3273.06	410.608
3273.86	414.607
3274.66	426.105
3275.47	413.603
3276.27	408.602
3277.08	422.6
3277.88	425.599
3278.68	422.097
3279.48	436.595
3280.29	437.594
3281.09	419.592
3281.89	418.091
3282.7	421.589
3283.5	424.087
3284.3	412.586
3285.1	421.584
3285.91	416.083
3286.71	404.581
3287.51	419.079
3288.31	404.578
3289.12	437.076
3289.92	413.075
3290.72	411.073
3291.52	408.571
3292.32	415.57
3293.12	424.068
3293.92	415.567
3294.73	402.565
3295.53	408.563
3296.33	413.562
3297.13	408.56
3297.93	410.558
3298.73	409.057
3299.53	413.055
3300.33	408.554
3301.13	413.052
3301.93	408.55
3302.73	417.549
3303.53	413.047
3304.33	403.046
3305.13	391.544
3305.93	422.042
3306.73	420.541
3307.53	409.539
3308.33	415.538
3309.13	425.036
3309.93	401.534
3310.73	424.033
3311.52	399.531
3312.32	417.53
3313.12	402.028
3313.92	397.526
3314.72	417.525
3315.52	415.023
3316.31	405.522
3317.11	394.52
3317.91	407.518
3318.71	418.017
3319.51	420.515
3320.3	422.013
3321.1	423.012
3321.9	411.01
3322.7	410.009
3323.49	392.507
3324.29	409.505
3325.09	405.504
3325.88	397.502
3326.68	385.001
3327.48	409.999
3328.27	401.497
3329.07	421.496
3329.87	402.494
3330.66	378.993
3331.46	402.991
3332.25	415.989
3333.05	373.488
3333.84	412.486
3334.64	384.985
3335.44	400.483
3336.23	387.481
3337.03	403.48
3337.82	395.478
3338.62	405.977
3339.41	415.475
3340.21	397.473
3341	395.472
3341.8	405.97
3342.59	388.968
3343.39	404.467
3344.18	394.965
3344.97	401.964
3345.77	425.462
3346.56	403.96
3347.35	410.459
3348.15	402.457
3348.94	395.456
3349.74	409.954
3350.53	410.952
3351.32	418.951
3352.12	400.449
3352.91	391.448
3353.7	401.946
3354.49	395.944
3355.29	399.443
3356.08	410.941
3356.87	391.44
3357.66	395.438
3358.46	391.436
3359.25	395.435
3360.04	400.433
3360.83	381.432
3361.62	394.43
3362.42	396.428
3363.21	389.427
3364	416.425
3364.79	394.923
3365.58	365.422
3366.37	406.42
3367.16	400.919
3367.96	396.417
3368.75	404.415
3369.54	397.414
3370.33	397.912
3371.12	386.411
3371.91	382.409
3372.7	402.407
3373.49	402.406
3374.28	407.904
3375.07	398.403
3375.86	410.901
3376.65	411.399
3377.44	402.398
3378.23	405.896
3379.02	393.395
3379.81	383.893
3380.6	386.391
3381.38	414.89
3382.17	407.888
3382.96	408.886
3383.75	393.885
3384.54	393.383
3385.33	400.382
3386.12	409.38
3386.91	379.378
3387.69	386.877
3388.48	396.375
3389.27	397.874
3390.06	402.372
3390.85	400.37
3391.63	399.119
3392.42	395.367
3393.21	415.366
3394	371.364
3394.78	381.362
3395.57	396.861
3396.36	406.359
3397.14	391.858
3397.93	404.356
3398.72	393.854
3399.5	396.853
3400.29	380.351
3401.08	406.85
3401.86	413.848
3402.65	386.846
3403.44	408.845
3404.22	394.343
3405.01	387.841
3405.79	394.34
3406.58	401.838
3407.36	407.837
3408.15	399.835
3408.93	393.333
3409.72	390.332
3410.5	399.33
3411.29	387.329
3412.07	370.327
3412.86	405.325
3413.64	397.324
3414.43	399.322
3415.21	397.821
3416	403.319
3416.78	391.317
3417.57	377.316
3418.35	390.814
3419.13	405.813
3419.92	406.311
3420.7	382.309
3421.48	403.808
3422.27	389.306
3423.05	397.305
3423.83	393.803
3424.62	392.301
3425.4	383.3
3426.18	394.298
3426.97	413.297
3427.75	384.295
3428.53	393.293
3429.31	393.292
3430.1	384.29
3430.88	408.788
3431.66	364.287
3432.44	396.285
3433.22	396.284
3434.01	387.782
3434.79	379.28
3435.57	389.779
3436.35	389.277
3437.13	377.276
3437.91	372.774
3438.7	374.272
3439.48	390.771
3440.26	382.269
3441.04	377.768
3441.82	383.266
3442.6	384.264
3443.38	381.763
3444.16	369.261
3444.94	378.26
3445.72	371.758
3446.5	401.756
3447.28	347.255
3448.06	373.753
3448.84	390.252
3449.62	354.25
3450.4	384.248
3451.18	376.247
3451.96	368.245
3452.74	369.243
3453.52	378.742
3454.3	359.24
3455.07	375.739
3455.85	366.237
3456.63	384.735
3457.41	380.234
3458.19	361.232
3458.97	395.231
3459.75	380.729
3460.52	388.227
3461.3	356.226
3462.08	364.224
3462.86	388.723
3463.64	362.221
3464.41	388.219
3465.19	368.718
3465.97	372.716
3466.75	365.215
3467.52	381.713
3468.3	364.211
3469.08	377.21
3469.85	383.708
3470.63	390.206
3471.41	380.205
3472.18	374.703
3472.96	370.702
3473.74	389.2
3474.51	354.198
3475.29	385.197
3476.06	382.695
3476.84	362.694
3477.62	368.192
3478.39	377.19
3479.17	381.189
3479.94	380.187
3480.72	381.686
3481.49	379.684
3482.27	394.682
3483.04	376.181
3483.82	368.179
3484.59	372.678
3485.37	385.176
3486.14	371.674
3486.92	379.673
3487.69	374.671
3488.47	384.67
3489.24	372.668
3490.01	380.166
3490.79	386.665
3491.56	351.163
3492.34	358.161
3493.11	371.16
3493.88	374.158
3494.66	389.157
3495.43	376.155
3496.2	377.153
3496.98	376.152
3497.75	351.15
3498.52	383.149
3499.3	386.147
3500.07	370.145
3500.84	379.144
3501.61	372.142
3502.39	366.141
3503.16	380.639
3503.93	374.637
3504.7	399.136
3505.48	364.134
3506.25	383.133
3507.02	388.131
3507.79	355.129
3508.56	363.128
3509.33	384.626
3510.1	368.625
3510.88	362.123
3511.65	367.121
3512.42	377.12
3513.19	383.618
3513.96	386.116
3514.73	379.115
3515.5	371.113
3516.27	393.112
3517.04	382.11
3517.81	386.108
3518.58	382.107
3519.35	377.105
3520.12	392.104
3520.89	364.102
3521.66	366.1
3522.43	393.099
3523.2	380.597
3523.97	381.096
3524.74	384.094
3525.51	382.092
3526.28	367.091
3527.05	377.589
3527.82	367.088
3528.59	377.086
3529.35	374.584
3530.12	376.083
3530.89	367.581
3531.66	379.08
3532.43	398.578
3533.2	389.576
3533.96	384.075
3534.73	376.073
3535.5	393.071
3536.27	395.07
3537.03	367.568
3537.8	376.567
3538.57	383.565
3539.34	364.063
3540.1	387.562
3540.87	374.06
3541.64	367.059
3542.4	374.057
3543.17	370.055
3543.94	383.054
3544.71	378.052
3545.47	369.051
3546.24	380.549
3547	369.047
3547.77	375.046
3548.54	373.544
3549.3	364.043
3550.07	388.041
3550.83	369.039
3551.6	360.038
3552.37	351.036
3553.13	356.035
3553.9	382.033
3554.66	367.031
3555.43	385.53
3556.19	356.028
3556.96	366.026
3557.72	362.525
3558.49	375.023
3559.25	365.522
3560.01	367.02
3560.78	359.018
3561.54	370.517
3562.31	382.015
3563.07	363.014
3563.84	366.012
3564.6	365.51
3565.36	375.009
3566.13	381.507
3566.89	360.006
3567.65	356.504
3568.42	358.002
3569.18	375.001
3569.94	366.999
3570.71	346.998
3571.47	354.996
3572.23	330.994
3573	362.993
3573.76	356.491
3574.52	370.49
3575.28	356.988
3576.04	353.486
3576.81	346.985
3577.57	344.983
3578.33	359.482
3579.09	351.48
3579.85	375.478
3580.62	350.977
3581.38	349.975
3582.14	357.973
3582.9	339.472
3583.66	375.97
3584.42	366.969
3585.18	360.467
3585.95	358.965
3586.71	366.964
3587.47	356.962
3588.23	335.961
3588.99	359.959
3589.75	357.957
3590.51	322.956
3591.27	341.954
3592.03	373.953
3592.79	356.951
3593.55	364.949
3594.31	342.948
3595.07	351.946
3595.83	365.445
3596.59	326.943
3597.35	367.941
3598.11	367.44
3598.87	359.438
3599.62	369.436
3600.38	368.435
3601.14	357.933
3601.9	365.432
3602.66	348.93
3603.42	364.928
3604.18	351.927
3604.93	350.925
3605.69	355.444
3606.45	352.463
3607.21	329.982
3607.97	360.001
3608.72	360.77
3609.48	361.539
3610.24	362.058
3611	356.077
3611.75	345.096
3612.51	361.115
3613.27	343.134
3614.03	348.653
3614.78	350.172
3615.54	344.191
3616.3	375.21
3617.05	372.229
3617.81	356.248
3618.57	362.767
3619.32	356.786
3620.08	349.305
3620.84	342.324
3621.59	367.343
3622.35	370.862
3623.1	364.881
3623.86	370.4
3624.61	357.919
3625.37	365.438
3626.13	368.957
3626.88	368.476
3627.64	361.995
3628.39	373.514
3629.15	368.533
3629.9	348.052
3630.66	369.071
3631.41	354.59
3632.17	376.609
3632.92	352.628
3633.67	363.147
3634.43	367.666
3635.18	363.685
3635.94	349.704
3636.69	369.723
3637.45	366.242
3638.2	361.761
3638.95	356.78
3639.71	336.799
3640.46	362.817
3641.21	364.836
3641.97	363.355
3642.72	357.874
3643.47	362.893
3644.23	370.912
3644.98	367.431
3645.73	364.45
3646.48	360.969
3647.24	368.988
3647.99	361.007
3648.74	363.526
3649.49	369.045
3650.25	351.064
3651	365.083
3651.75	350.102
3652.5	361.621
3653.25	351.14
3654	362.159
3654.76	371.178
3655.51	373.697
3656.26	369.216
3657.01	351.235
3657.76	363.754
3658.51	357.273
3659.26	361.792
3660.01	354.311
3660.76	335.33
3661.52	357.849
3662.27	347.368
3663.02	344.387
3663.77	348.406
3664.52	340.425
3665.27	361.944
3666.02	348.463
3666.77	372.982
3667.52	342.501
3668.27	362.52
3669.02	360.539
3669.76	365.558
3670.51	342.077
3671.26	359.596
3672.01	357.115
3672.76	333.634
3673.51	366.653
3674.26	347.672
3675.01	350.691
3675.76	339.71
3676.51	347.729
3677.25	357.748
3678	356.267
3678.75	344.786
3679.5	334.805
3680.25	358.824
3680.99	357.843
3681.74	353.862
3682.49	348.881
3683.24	355.9
3683.99	345.919
3684.73	344.938
3685.48	332.957
3686.23	332.975
3686.98	359.995
3687.72	329.013
3688.47	352.532
3689.22	345.051
3689.96	338.07
3690.71	334.089
3691.46	334.108
3692.2	335.627
3692.95	345.146
3693.7	338.665
3694.44	334.184
3695.19	339.703
3695.93	340.222
3696.68	330.241
3697.42	325.26
3698.17	356.279
3698.92	335.798
3699.66	329.817
3700.41	342.836
3701.15	324.355
3701.9	327.374
3702.64	349.393
3703.39	339.412
3704.13	329.431
3704.88	326.95
3705.62	318.469
3706.37	336.488
3707.11	325.007
3707.85	343.526
3708.6	347.045
3709.34	327.564
3710.09	341.583
3710.83	322.102
3711.57	329.621
3712.32	341.64
3713.06	310.659
3713.8	335.678
3714.55	337.697
3715.29	332.716
3716.03	327.735
3716.78	335.754
3717.52	325.773
3718.26	321.792
3719.01	326.811
3719.75	334.83
3720.49	328.849
3721.23	340.868
3721.98	314.887
3722.72	327.406
3723.46	327.425
3724.2	326.944
3724.94	329.963
3725.69	314.982
3726.43	322.501
3727.17	323.52
3727.91	345.039
3728.65	329.058
3729.39	340.077
3730.14	343.096
3730.88	320.115
3731.62	337.134
3732.36	336.653
3733.1	315.672
3733.84	316.691
3734.58	339.21
3735.32	335.228
3736.06	337.747
3736.8	339.766
3737.54	330.785
3738.28	314.304
3739.02	336.823
3739.76	346.842
3740.5	328.361
3741.24	342.38
3741.98	334.899
3742.72	331.418
3743.46	327.437
3744.2	332.456
3744.94	339.475
3745.68	336.494
3746.42	339.013
3747.16	338.532
3747.9	309.551
3748.64	323.57
3749.37	297.589
3750.11	316.608
3750.85	319.627
3751.59	320.646
3752.33	337.665
3753.07	337.184
3753.8	324.203
3754.54	318.722
3755.28	331.741
3756.02	335.76
3756.75	328.779
3757.49	326.798
3758.23	344.817
3758.97	323.836
3759.71	328.855
3760.44	336.874
3761.18	328.393
3761.92	331.912
3762.65	338.431
3763.39	333.45
3764.13	345.969
3764.86	331.488
3765.6	334.507
3766.34	329.026
3767.07	324.545
3767.81	324.064
3768.54	333.583
3769.28	332.563
3770.02	312.303
3770.75	326.922
3771.49	338.772
3772.22	314.689
3772.96	320.499
3773.69	330.754
3774.43	332.009
3775.16	324.705
3775.9	323.912
3776.63	327.075
3777.37	318.578
3778.1	310.636
3778.84	299.232
3779.57	326.459
3780.31	323.088
3781.04	324.798
3781.78	324.049
3782.51	321.901
3783.24	305.691
3783.98	319.251
3784.71	310.595
3785.45	309.05
3786.18	338.345
3786.91	332.194
3787.65	323.74
3788.38	334.132
3789.11	325.466
3789.85	325.786
3790.58	314.732
3791.31	320.151
3792.05	316.19
3792.78	330.883
3793.51	323.802
3794.24	323.647
3794.98	321.206
3795.71	326.112
3796.44	321.193
3797.17	318.571
3797.91	312.705
3798.64	320.13
3799.37	326.87
3800.1	307.443
3800.83	312.363
3801.56	321.793
3802.3	328.166
3803.03	312.597
3803.76	327.628
3804.49	315.353
3805.22	313.736
3805.95	308.55
3806.68	317.888
3807.41	322.616
3808.14	319.529
3808.87	313.178
3809.6	311.841
3810.34	319.231
3811.07	321.679
3811.8	307.932
3812.53	298.414
3813.26	326.577
3813.99	310.311
3814.72	301.545
3815.45	321.123
3816.18	299.96
3816.91	316.552
3817.63	320.717
3818.36	313.653
3819.09	317.478
3819.82	331.656
3820.55	319.528
3821.28	313.304
3822.01	321.951
3822.74	318.597
3823.47	303.092
3824.19	312.513
3824.92	313.941
3825.65	314.824
3826.38	310.749
3827.11	314.42
3827.84	305.482
3828.56	320.66
3829.29	321.914
3830.02	303.434
3830.75	299.584
3831.47	314.963
3832.2	311.559
3832.93	317.566
3833.66	303.714
3834.38	306.663
3835.11	310.459
3835.84	316.791
3836.56	316.112
3837.29	316.573
3838.02	303.514
3838.75	299.322
3839.47	307.891
3840.2	316.032
3840.92	316.504
3841.65	309.441
3841.86	306.858
3842.59	316.85
3843.32	313.341
3844.05	312.333
3844.78	309.825
3845.51	301.817
3846.24	298.309
3846.97	304.801
3847.7	310.793
3848.43	304.785
3849.16	316.777
3849.89	308.769
3850.62	308.76
3851.35	303.752
3852.08	310.744
3852.81	300.736
3853.53	291.728
3854.26	308.22
3854.99	314.712
3855.72	302.704
3856.45	309.196
3857.18	311.688
3857.91	295.679
3858.63	303.671
3859.36	303.663
3860.09	297.655
3860.82	313.647
3861.55	305.139
3862.27	312.631
3863	312.623
3863.73	296.615
3864.46	312.607
3865.18	314.098
3865.91	309.59
3866.64	323.582
3867.36	299.574
3868.09	308.566
3868.82	298.558
3869.54	308.05
3870.27	303.042
3871	296.534
3871.72	302.525
3872.45	300.017
3873.18	313.509
3873.9	308.001
3874.63	316.493
3875.35	303.485
3876.08	304.477
3876.81	303.469
3877.53	314.461
3878.26	316.953
3878.98	326.444
3879.71	295.436
3880.43	304.428
3881.16	302.92
3881.88	306.412
3882.61	291.404
3883.33	305.896
3884.06	313.388
3884.78	302.38
3885.51	296.372
3886.23	303.363
3886.96	305.855
3887.68	281.347
3888.41	300.339
3889.13	290.331
3889.85	298.323
3890.58	296.315
3891.3	313.807
3892.03	317.299
3892.75	294.79
3893.47	309.282
3894.2	303.274
3894.92	300.266
3895.64	306.258
3896.37	307.25
3897.09	285.242
3897.81	303.734
3898.53	302.226
3899.26	299.218
3899.98	302.209
3900.7	313.701
3901.42	302.193
3902.15	296.685
3902.87	303.177
3903.59	309.169
3904.31	294.661
3905.04	313.153
3905.76	316.645
3906.48	300.137
3907.2	294.128
3907.92	308.12
3908.64	307.112
3909.37	296.104
3910.09	290.596
3910.81	290.588
3911.53	303.58
3912.25	305.072
3912.97	298.564
3913.69	289.056
3914.41	299.047
3915.13	297.539
3915.85	296.531
3916.57	286.523
3917.29	295.015
3918.02	289.507
3918.74	288.999
3919.46	280.991
3920.18	304.483
3920.9	290.974
3921.62	282.966
3922.34	297.458
3923.05	290.95
3923.77	290.942
3924.49	293.934
3925.21	285.926
3925.93	287.918
3926.65	303.91
3927.37	294.902
3928.09	296.893
3928.81	299.885
3929.53	297.877
3930.25	282.369
3930.96	280.361
3931.68	278.853
3932.4	287.845
3933.12	299.837
3933.84	286.829
3934.56	275.321
3935.27	286.312
3935.99	295.304
3936.71	293.296
3937.43	283.288
3938.14	285.78
3938.86	288.772
3939.58	285.264
3940.3	272.756
3941.01	287.248
3941.73	275.74
3942.45	286.731
3943.17	279.223
3943.88	281.715
3944.6	289.707
3945.32	284.199
3946.03	278.691
3946.75	293.683
3947.47	281.675
3948.18	285.667
3948.9	274.659
3949.61	273.65
3950.33	279.642
3951.05	289.634
3951.76	280.626
3952.48	264.618
3953.19	271.61
3953.91	279.102
3954.62	267.594
3955.34	272.586
3956.05	267.577
3956.77	289.569
3957.48	278.561
3958.2	280.053
3958.91	273.545
3959.63	266.537
3960.34	276.529
3961.06	281.521
3961.77	284.513
3962.49	288.005
3963.2	290.496
3963.92	277.488
3964.63	269.48
3965.34	280.972
3966.06	253.464
3966.77	279.456
3967.49	279.448
3968.2	272.44
3968.91	279.932
3969.63	271.424
3970.34	269.915
3971.05	271.407
3971.77	258.399
3972.48	277.391
3973.19	275.383
3973.91	271.375
3974.62	276.367
3975.33	275.859
3976.04	262.851
3976.76	284.342
3977.47	281.334
3978.18	272.326
3978.89	274.318
3979.6	284.31
3980.32	272.802
3981.03	267.294
3981.74	269.286
3982.45	278.778
3983.16	278.77
3983.88	278.261
3984.59	259.253
3985.3	279.245
3986.01	267.737
3986.72	269.229
3987.43	279.721
3988.14	275.713
3988.85	259.705
3989.56	275.697
3990.28	256.189
3990.99	273.18
3991.7	269.672
3992.41	261.164
3993.12	285.156
3993.83	277.648
3994.54	271.14
3995.25	264.632
3995.96	273.624
3996.67	267.616
3997.38	273.608
3998.09	251.099
3998.8	264.091
3999.51	270.583
