201.015	1802
202.282	1784.99
203.551	1779.97
204.817	1749.96
206.085	1817.94
207.352	1807.93
208.619	1842.91
209.885	1876.4
211.152	1870.88
212.418	1933.87
213.685	2077.86
214.95	2116.84
216.216	2233.83
217.481	2307.81
218.745	2427.3
220.011	2507.78
221.275	2575.27
222.54	2717.76
223.804	2791.74
225.069	2869.73
226.332	2937.21
227.595	2985.2
228.859	2973.18
230.122	2997.17
231.384	2969.15
232.648	2961.64
233.91	2925.63
235.173	2855.61
236.435	2797.6
237.696	2730.58
238.959	2636.57
240.22	2643.55
241.48	2563.04
242.741	2510.02
244.003	2364.51
245.263	2312
246.523	2204.48
247.784	2214.97
249.044	2128.45
250.303	2069.44
251.562	2005.42
252.823	1917.41
254.081	1884.4
255.34	1810.88
256.598	1785.37
257.858	1739.35
259.116	1669.34
260.373	1667.82
261.631	1613.31
262.888	1582.29
264.147	1526.28
265.404	1521.77
266.66	1494.25
267.917	1453.24
269.173	1451.22
270.429	1412.21
271.685	1406.19
272.942	1412.18
274.197	1374.16
275.453	1371.65
276.708	1398.14
277.963	1371.12
279.217	1350.61
280.472	1418.09
281.726	1361.58
282.98	1404.06
284.234	1339.55
285.488	1388.53
286.742	1370.52
287.996	1415.01
289.249	1387.49
290.502	1390.98
291.754	1427.96
293.007	1405.95
294.259	1387.93
295.511	1383.92
296.763	1373.91
298.014	1418.39
299.266	1401.88
300.517	1410.36
301.768	1396.85
303.017	1445.83
304.268	1393.82
305.518	1435.8
306.768	1446.79
308.018	1430.78
309.268	1452.76
310.518	1470.75
311.767	1492.73
313.016	1497.72
314.265	1507.7
315.514	1523.69
316.761	1557.17
318.01	1515.16
319.258	1542.15
320.506	1553.63
321.754	1532.12
323.001	1546.6
324.247	1505.09
325.494	1557.57
326.741	1515.56
327.988	1502.05
329.235	1496.53
330.48	1510.52
331.726	1484
332.972	1504.49
334.218	1532.97
335.463	1491.96
336.707	1490.94
337.952	1480.93
339.197	1465.42
340.441	1502.9
341.685	1525.89
342.929	1521.37
344.174	1507.86
345.416	1512.34
346.66	1534.83
347.904	1559.81
349.145	1600.8
350.389	1543.29
351.632	1569.27
352.873	1570.76
354.115	1571.24
355.358	1571.23
356.599	1616.71
357.841	1622.7
359.081	1582.18
360.322	1661.67
361.564	1662.16
362.803	1708.64
364.044	1694.13
365.284	1672.11
366.524	1715.6
367.765	1742.08
369.003	1783.07
370.243	1808.06
371.482	1848.04
372.721	1896.03
373.959	1934.01
375.198	1971
376.436	2014.98
377.675	2118.97
378.912	2130.95
380.15	2163.94
381.387	2268.93
382.625	2304.91
383.861	2445.9
385.099	2546.38
386.335	2648.87
387.571	2716.35
388.808	2863.34
390.043	2892.32
391.28	3007.81
392.515	3060.3
393.749	3066.78
394.985	3038.27
396.22	3071.75
397.455	3087.74
398.689	3085.22
399.923	3083.21
401.158	3091.2
402.391	3071.68
403.625	3102.67
404.859	3045.65
406.092	3090.64
407.324	3019.62
408.558	3053.61
409.79	3063.59
411.022	3097.58
412.256	3122.07
413.487	3048.55
414.719	3132.04
415.95	3154.02
417.182	3170.51
418.413	3176.49
419.644	3214.98
420.874	3265.96
422.106	3335.45
423.336	3421.44
424.566	3465.42
425.795	3530.41
427.025	3656.89
428.255	3693.38
429.484	3866.36
430.713	3965.85
431.942	4155.33
433.17	4295.32
434.399	4465.81
435.627	4673.79
436.856	4945.78
438.084	5208.26
439.311	5507.25
440.538	5835.23
441.765	6266.22
442.992	6700.71
444.219	7236.19
445.445	7940.18
446.672	8730.16
447.898	9617.15
449.124	10843.1
450.349	12361.1
451.576	14078.1
452.802	16492.1
454.027	19325.1
455.252	22927.1
456.476	26959
457.701	31506
458.925	35674
460.149	38963.5
461.373	40782.5
462.596	40232.5
463.819	37404
465.043	33251.9
466.266	28372.4
467.489	23833.9
468.711	19773.4
469.934	16368.4
471.156	13666.9
472.379	11489.9
473.601	9947.85
474.822	8529.83
476.044	7482.82
477.264	6589.8
478.485	5963.79
479.706	5380.27
480.927	4951.26
482.148	4474.74
483.368	4142.23
484.588	3885.22
485.807	3620.7
487.027	3355.19
488.246	3186.67
489.466	3011.66
490.685	2846.64
491.903	2706.63
493.122	2570.61
494.34	2468.6
495.559	2372.09
496.776	2261.07
497.994	2193.06
499.212	2126.54
500.43	2080.53
501.646	2003.01
502.863	1952.5
504.08	1881.98
505.296	1850.47
506.512	1780.96
507.729	1698.44
508.944	1710.43
510.16	1696.41
511.376	1657.4
512.59	1578.38
513.806	1577.37
515.021	1555.36
516.235	1509.34
517.45	1520.33
518.663	1441.81
519.878	1446.3
521.093	1417.78
522.305	1390.27
523.519	1375.75
524.732	1405.74
525.945	1360.23
527.158	1354.21
528.371	1354.7
529.582	1323.18
530.795	1277.17
532.007	1302.65
533.219	1297.64
534.43	1257.12
535.642	1285.61
536.853	1285.1
538.064	1257.08
539.274	1261.07
540.486	1261.05
541.696	1246.04
542.907	1220.52
544.116	1220.01
545.326	1254
546.535	1233.48
547.744	1239.97
548.954	1246.45
550.163	1214.94
551.372	1216.42
552.58	1205.91
553.788	1177.39
554.997	1187.38
556.205	1171.37
557.412	1168.85
558.62	1186.34
559.827	1158.82
561.034	1203.31
562.242	1162.79
563.448	1162.28
564.654	1167.76
565.861	1149.75
567.067	1130.74
568.273	1127.22
569.478	1142.21
570.685	1103.69
571.89	1114.18
573.094	1102.66
574.299	1087.15
575.505	1083.64
576.709	1087.62
577.913	1049.61
579.117	1059.59
580.322	1059.08
581.525	1022.56
582.728	1031.55
583.931	1048.03
585.134	1033.52
586.337	1046.51
587.541	1021.49
588.743	1012.48
589.945	970.962
591.147	989.448
592.349	990.433
593.55	1002.42
594.752	952.405
595.953	949.39
597.154	949.376
598.355	956.361
599.557	923.347
600.757	924.333
601.957	930.318
603.157	887.304
604.357	928.289
605.557	904.275
606.756	874.26
607.955	893.246
609.154	856.732
610.353	844.717
611.552	826.203
612.75	852.688
613.949	793.674
615.147	803.66
616.345	789.645
617.543	801.131
618.739	770.116
619.936	768.102
621.133	789.088
622.33	746.073
623.527	730.059
624.724	741.544
625.92	724.03
627.116	730.016
628.312	717.001
629.508	708.987
630.702	707.972
631.898	655.958
633.093	655.944
634.288	656.429
635.483	671.415
636.678	648.9
637.871	654.886
639.065	634.372
640.26	656.857
641.454	668.843
642.646	660.828
643.84	638.314
645.033	612.799
646.226	613.285
647.418	628.771
648.611	616.756
649.803	609.242
650.996	611.727
652.187	612.713
653.379	587.199
654.571	585.184
655.761	589.17
656.952	567.155
658.144	559.141
659.334	556.127
660.525	547.612
661.715	553.098
662.905	556.083
664.095	522.069
665.285	538.555
666.474	528.54
667.664	514.526
668.852	491.511
670.041	516.997
671.229	491.983
672.418	507.468
673.607	480.954
674.795	492.939
675.983	483.425
677.17	472.411
678.358	463.396
679.545	479.382
680.733	447.367
681.919	457.353
683.106	451.839
684.292	438.324
685.479	455.31
686.665	440.295
687.851	444.281
689.036	415.266
690.221	446.252
691.407	433.738
692.592	429.223
693.778	412.709
694.962	420.194
696.147	416.18
697.331	409.166
698.515	426.151
699.699	407.137
700.883	414.122
702.066	399.608
703.25	404.594
704.433	402.079
705.615	408.065
706.799	382.05
707.981	390.536
709.163	377.522
710.346	386.507
711.528	380.493
712.709	388.978
713.892	381.964
715.073	376.95
716.253	383.935
717.434	374.921
718.616	387.406
719.796	363.392
720.976	376.878
722.156	372.113
723.336	351.849
724.517	356.834
725.696	371.32
726.875	374.806
728.054	356.791
729.233	352.277
730.412	353.762
731.592	352.748
732.77	346.733
733.948	355.719
735.126	365.705
736.303	337.69
737.481	336.676
738.658	350.661
739.835	352.147
741.012	357.133
742.191	324.618
743.367	351.104
744.544	346.589
745.72	340.075
746.896	344.561
748.072	322.546
749.247	320.532
750.423	320.517
751.598	302.503
752.773	318.489
753.948	337.474
755.123	326.96
756.297	316.945
757.472	328.431
758.646	324.917
759.82	316.902
760.994	314.888
762.166	297.373
763.34	309.359
764.513	324.345
765.686	318.33
766.859	311.816
768.032	317.801
769.204	306.287
770.377	302.272
771.549	311.758
772.719	299.244
773.891	306.729
775.063	322.215
776.234	298.7
777.406	302.186
778.577	295.172
779.746	296.657
780.917	306.143
782.088	304.628
783.258	301.614
784.427	297.1
785.597	307.085
786.767	304.071
787.936	298.556
789.104	308.042
790.273	317.028
791.443	309.513
792.612	307.499
793.779	290.484
794.947	301.97
796.116	304.956
797.283	305.441
798.451	313.927
799.618	310.412
800.785	301.898
801.952	301.384
803.119	314.869
804.285	310.855
805.452	307.84
806.617	293.826
807.784	324.811
808.95	317.797
810.115	327.783
811.281	317.268
812.445	331.754
813.611	317.739
814.775	325.225
815.94	342.711
817.104	340.196
818.269	339.682
819.432	324.167
820.597	311.653
821.76	334.139
822.924	316.624
824.087	315.61
825.251	315.595
826.413	302.581
827.576	308.067
828.738	315.052
829.901	317.538
831.063	313.523
832.224	314.509
833.387	306.995
834.548	297.48
835.71	311.966
836.871	295.951
838.031	300.437
839.193	305.423
840.353	291.408
841.513	294.394
842.674	310.379
843.834	299.365
844.993	303.351
846.154	316.336
847.313	316.322
848.472	292.307
849.632	285.293
850.79	294.278
851.948	313.264
853.107	294.75
854.266	279.735
855.424	279.721
856.581	294.206
857.739	292.192
858.896	265.178
860.054	282.163
861.211	283.649
862.368	288.634
863.524	279.12
864.681	282.106
865.838	283.091
866.994	284.577
868.15	277.562
869.306	278.548
870.461	273.034
871.616	283.019
872.772	269.005
873.927	283.49
875.083	269.476
876.237	268.462
877.392	260.947
878.546	283.433
879.7	262.918
880.854	273.904
882.007	284.39
883.161	270.875
884.314	271.361
885.467	266.846
886.62	273.832
887.773	289.318
888.925	280.303
890.078	263.789
891.23	264.274
892.382	263.76
893.534	273.745
894.686	275.731
895.837	270.717
896.989	284.702
898.14	264.688
899.289	275.173
900.44	271.659
901.591	278.645
902.741	277.13
903.892	269.616
905.042	268.101
906.192	264.587
907.341	267.573
908.49	252.058
909.639	276.044
910.788	275.529
911.937	271.015
913.086	240.501
914.234	270.486
915.382	237.472
916.53	251.957
917.679	266.443
918.825	266.929
919.973	267.914
921.121	264.9
922.268	265.385
923.414	266.871
924.561	264.357
925.708	262.342
926.855	257.328
928	263.813
929.146	261.299
930.292	253.284
931.437	267.27
932.583	267.756
933.727	262.241
934.873	256.227
936.018	253.212
937.162	250.198
938.307	256.184
939.452	248.169
940.595	245.655
941.739	262.14
942.882	259.126
944.026	249.112
945.169	253.097
946.313	257.083
947.455	243.568
948.598	262.554
949.74	266.04
950.883	261.025
952.026	266.511
953.167	250.996
954.309	237.982
955.451	264.468
956.592	263.453
957.734	254.939
958.874	262.924
960.016	256.91
961.156	255.396
962.297	268.881
963.437	257.867
964.577	267.852
965.717	268.838
966.857	253.324
967.997	279.809
969.136	262.795
970.275	263.78
971.414	262.766
972.553	273.751
973.691	261.237
974.83	252.223
975.968	265.208
977.106	276.694
978.243	269.179
979.382	271.665
980.519	258.651
981.656	263.636
982.794	260.622
983.931	255.607
985.067	252.593
986.204	256.079
987.34	259.564
988.477	256.05
989.613	267.535
990.748	249.521
991.884	263.507
993.019	295.992
994.155	272.478
995.29	275.463
996.425	284.949
997.559	288.935
998.694	283.42
999.828	302.406
1000.96	276.391
1002.1	287.377
1003.23	282.363
1004.36	266.848
1005.5	262.334
1006.63	255.319
1007.76	262.305
1008.9	256.79
1010.03	237.776
1011.16	246.262
1012.29	242.747
1013.43	248.233
1014.56	256.718
1015.69	251.704
1016.82	244.19
1017.95	260.175
1019.08	257.661
1020.21	237.646
1021.35	249.132
1022.48	264.118
1023.61	254.103
1024.74	247.089
1025.87	258.074
1027	260.56
1028.13	273.046
1029.26	244.031
1030.39	253.517
1031.51	270.002
1032.64	252.488
1033.77	265.474
1034.9	253.959
1036.03	264.945
1037.16	255.43
1038.29	253.416
1039.41	275.402
1040.54	266.387
1041.67	260.373
1042.8	252.358
1043.92	259.344
1045.05	260.829
1046.18	274.815
1047.3	269.801
1048.43	269.286
1049.56	275.772
1050.68	277.757
1051.81	275.743
1052.93	276.729
1054.06	258.714
1055.18	275.7
1056.31	277.185
1057.43	278.671
1058.56	277.157
1059.68	288.142
1060.81	278.628
1061.93	280.613
1063.06	271.599
1064.18	265.085
1065.3	278.07
1066.43	276.556
1067.55	274.541
1068.67	284.527
1069.8	254.513
1070.92	292.498
1072.04	286.484
1073.16	273.469
1074.29	290.955
1075.41	270.441
1076.53	284.426
1077.65	296.912
1078.77	281.897
1079.89	265.383
1081.01	277.369
1082.13	271.354
1083.26	294.84
1084.38	290.325
1085.5	279.311
1086.62	263.296
1087.74	279.282
1088.86	295.268
1089.98	279.753
1091.1	276.239
1092.21	272.724
1093.33	280.21
1094.45	280.696
1095.57	298.681
1096.69	279.167
1097.81	280.152
1098.93	296.638
1100.04	295.624
1101.16	298.109
1102.28	274.595
1103.4	299.08
1104.51	305.566
1105.63	288.052
1106.75	301.537
1107.86	298.023
1108.98	302.008
1110.1	296.994
1111.21	312.48
1112.33	326.965
1113.45	316.451
1114.56	311.936
1115.68	322.922
1116.79	332.908
1117.91	323.893
1119.02	345.879
1120.14	325.864
1121.25	349.35
1122.36	337.836
1123.48	353.321
1124.59	330.807
1125.71	355.792
1126.82	319.778
1127.93	350.763
1129.05	351.749
1130.16	360.735
1131.27	358.22
1132.39	356.206
1133.5	365.191
1134.61	358.177
1135.72	356.663
1136.83	365.648
1137.95	364.134
1139.06	382.119
1140.17	369.105
1141.28	378.091
1142.39	379.576
1143.5	380.062
1144.61	366.547
1145.72	391.533
1146.83	395.519
1147.95	384.504
1149.05	390.49
1150.16	388.475
1151.27	401.961
1152.38	405.447
1153.49	406.432
1154.6	392.918
1155.71	393.403
1156.82	379.389
1157.93	395.375
1159.04	394.86
1160.14	401.846
1161.25	418.331
1162.36	403.317
1163.47	386.302
1164.58	392.288
1165.68	395.274
1166.79	400.259
1167.9	403.245
1169	403.73
1170.11	393.216
1171.22	397.202
1172.32	366.687
1173.43	392.173
1174.53	407.658
1175.64	388.644
1176.75	388.13
1177.85	391.615
1178.96	385.601
1180.06	380.086
1181.17	394.072
1182.27	375.058
1183.37	384.543
1184.48	383.029
1185.58	385.014
1186.69	363
1187.79	369.986
1188.89	354.471
1190	365.457
1191.1	358.942
1192.2	363.928
1193.31	356.414
1194.41	339.899
1195.51	356.885
1196.61	339.37
1197.71	340.856
1198.82	365.341
1199.92	317.827
1201.02	336.813
1202.12	321.298
1203.22	340.784
1204.32	323.269
1205.42	342.755
1206.53	320.741
1207.63	324.726
1208.73	296.712
1209.83	316.197
1210.93	323.183
1212.03	321.169
1213.13	308.654
1214.22	302.64
1215.32	297.625
1216.42	322.111
1217.52	308.097
1218.62	297.582
1219.72	300.568
1220.82	293.553
1221.92	291.539
1223.01	298.525
1224.11	270.51
1225.21	294.496
1226.31	296.481
1227.4	309.467
1228.5	290.453
1229.6	296.438
1230.69	312.424
1231.79	304.409
1232.89	318.395
1233.98	292.881
1235.08	286.866
1236.18	296.852
1237.27	281.337
1238.37	292.323
1239.46	279.308
1240.56	301.794
1241.65	281.78
1242.75	299.265
1243.84	285.251
1244.94	275.736
1246.03	283.722
1247.12	281.208
1248.22	277.193
1249.31	291.179
1250.41	257.664
1251.5	286.65
1252.59	279.136
1253.68	295.621
1254.78	273.107
1255.87	278.592
1256.96	271.578
1258.06	278.064
1259.15	276.549
1260.24	266.035
1261.33	287.02
1262.42	272.506
1263.51	259.992
1264.6	295.477
1265.7	281.963
1266.79	286.948
1267.88	279.934
1268.97	292.42
1270.06	280.405
1271.15	286.391
1272.24	285.376
1273.33	300.862
1274.42	287.848
1275.51	289.833
1276.6	310.819
1277.69	281.304
1278.78	282.79
1279.86	271.275
1280.95	304.261
1282.04	285.747
1283.13	298.232
1284.22	270.862
1285.3	281.51
1286.39	300.854
1287.48	299.629
1288.57	286.505
1289.66	284.062
1290.74	279.932
1291.83	298.718
1292.92	301.334
1294	296.841
1295.09	301.09
1296.17	286.348
1297.26	286.22
1298.35	280.922
1299.43	302.955
1300.52	278.606
1301.6	294.59
1302.69	298.727
1303.77	290.298
1304.86	290.876
1305.94	292.022
1307.03	281.102
1308.11	291.061
1309.19	295.157
1310.28	286.793
1311.36	298.013
1312.45	301.907
1313.53	279.452
1314.61	292.482
1315.7	293.772
1316.78	289.564
1317.86	287.231
1318.94	283.865
1320.03	297.945
1321.11	293.31
1322.19	285.199
1323.27	282.858
1324.35	290.751
1325.43	290.254
1326.52	275.826
1327.6	279.35
1328.68	283.778
1329.76	281.136
1330.84	280.688
1331.92	275.337
1333	271.113
1334.08	288.762
1335.16	288.197
1336.24	269.025
1337.32	278.446
1338.4	280.741
1339.48	281.818
1340.56	283.232
1341.64	277.507
1342.71	280.248
1343.79	268.951
1344.87	271.63
1345.95	268.506
1347.03	282.405
1348.1	272.993
1349.18	278.205
1350.26	280.477
1351.34	267.203
1352.41	274.852
1353.49	271.525
1354.57	266.979
1355.64	275.012
1356.72	278.251
1357.8	277.032
1358.87	273.772
1359.95	276.908
1361.02	282.464
1362.1	271.427
1363.17	270.073
1364.25	274.753
1365.32	277.867
1366.4	272.492
1367.47	274.637
1368.55	267.798
1369.62	281.048
1370.7	285.958
1371.77	278.606
1372.85	268.563
1373.92	259.801
1374.99	266.427
1376.07	272.377
1377.14	272.174
1378.21	278.316
1379.28	275.217
1380.36	264.514
1381.43	263.256
1382.5	259.737
1383.57	266.637
1384.65	275.494
1385.72	265.651
1386.79	268.792
1387.86	266.567
1388.93	270.838
1390	269.813
1391.07	260.899
1391.98	271.433
1393.05	260.442
1394.13	245.451
1395.2	269.46
1396.28	267.969
1397.35	254.977
1398.43	253.486
1399.51	248.495
1400.58	268.504
1401.65	267.513
1402.73	258.522
1403.8	263.53
1404.88	257.539
1405.95	258.548
1407.02	251.057
1408.1	271.066
1409.17	263.575
1410.25	261.083
1411.32	255.592
1412.39	243.601
1413.46	259.61
1414.54	264.619
1415.61	265.628
1416.68	259.636
1417.75	251.645
1418.83	254.654
1419.9	254.663
1420.97	238.672
1422.04	256.18
1423.11	262.689
1424.18	256.698
1425.25	262.207
1426.32	253.216
1427.39	261.225
1428.47	257.733
1429.53	261.242
1430.6	249.751
1431.67	252.76
1432.74	261.269
1433.81	262.778
1434.88	249.786
1435.95	250.795
1437.02	260.804
1438.09	266.813
1439.16	254.822
1440.23	246.83
1441.3	245.339
1442.36	254.348
1443.43	240.857
1444.5	262.866
1445.57	258.375
1446.64	269.383
1447.7	259.392
1448.77	243.901
1449.84	258.41
1450.9	257.419
1451.97	259.928
1453.04	265.936
1454.1	263.945
1455.17	253.954
1456.23	266.963
1457.3	262.972
1458.37	249.48
1459.43	246.989
1460.5	251.998
1461.56	273.507
1462.63	254.016
1463.69	260.525
1464.76	268.533
1465.82	264.042
1466.89	260.551
1467.95	253.06
1469.01	264.069
1470.08	262.078
1471.14	250.586
1472.2	239.095
1473.27	258.104
1474.33	262.613
1475.39	269.122
1476.46	268.131
1477.52	255.139
1478.58	260.648
1479.64	269.157
1480.71	246.166
1481.77	265.675
1482.83	283.183
1483.89	253.192
1484.95	260.201
1486.01	271.71
1487.07	268.219
1488.14	263.228
1489.2	259.736
1490.26	249.245
1491.32	261.254
1492.38	255.263
1493.44	273.272
1494.5	254.281
1495.56	274.289
1496.62	254.298
1497.68	269.307
1498.74	238.316
1499.79	251.825
1500.85	253.333
1501.91	269.842
1502.97	250.351
1504.03	252.36
1505.09	266.369
1506.15	256.378
1507.2	255.886
1508.26	266.395
1509.32	249.404
1510.38	254.913
1511.43	243.422
1512.49	251.931
1513.55	254.439
1514.6	253.948
1515.66	256.457
1516.72	244.466
1517.77	257.475
1518.83	251.484
1519.89	260.492
1520.94	257.501
1522	266.51
1523.05	253.519
1524.11	252.528
1525.16	262.536
1526.22	258.545
1527.27	271.054
1528.33	253.563
1529.38	276.072
1530.44	263.581
1531.49	262.089
1532.54	280.598
1533.6	267.107
1534.65	272.616
1535.7	268.125
1536.76	271.134
1537.81	267.642
1538.86	265.151
1539.92	274.66
1540.97	261.169
1542.02	275.678
1543.07	263.686
1544.13	259.195
1545.18	275.704
1546.23	258.713
1547.28	257.722
1548.33	263.731
1549.38	264.739
1550.44	265.248
1551.49	268.757
1552.54	270.266
1553.59	258.275
1554.64	256.784
1555.69	244.292
1556.74	261.801
1557.79	249.81
1558.84	277.319
1559.89	279.828
1560.94	268.836
1561.99	263.845
1563.04	259.854
1564.08	261.863
1565.13	268.872
1566.18	271.881
1567.23	262.889
1568.28	267.898
1569.33	261.907
1570.37	252.916
1571.42	262.925
1572.47	275.934
1573.52	280.942
1574.57	243.451
1575.61	289.96
1576.66	280.469
1577.71	283.478
1578.75	288.987
1579.8	280.995
1580.85	294.504
1581.89	278.013
1582.94	284.522
1583.98	302.531
1585.03	286.039
1586.08	296.048
1587.12	304.057
1588.17	296.066
1589.21	291.075
1590.26	297.584
1591.3	310.092
1592.35	280.101
1593.39	319.11
1594.43	301.619
1595.48	311.628
1596.52	312.137
1597.57	301.145
1598.61	297.654
1599.65	322.663
1600.69	298.172
1601.74	303.681
1602.78	304.69
1603.82	303.198
1604.87	296.207
1605.91	294.716
1606.95	300.225
1607.99	292.234
1609.03	292.242
1610.08	286.251
1611.12	287.26
1612.16	275.769
1613.2	282.278
1614.24	270.287
1615.28	276.795
1616.32	271.304
1617.36	281.313
1618.4	274.322
1619.44	257.331
1620.49	280.84
1621.52	288.348
1622.56	271.357
1623.6	269.366
1624.64	258.375
1625.68	283.384
1626.72	263.392
1627.76	253.401
1628.8	269.91
1629.84	260.919
1630.88	265.428
1631.92	270.937
1632.95	252.945
1633.99	259.454
1635.03	260.463
1636.07	264.472
1637.1	270.481
1638.14	268.99
1639.18	250.498
1640.22	258.007
1641.25	274.516
1642.29	278.525
1643.33	270.034
1644.36	269.043
1645.4	253.551
1646.44	253.56
1647.47	257.569
1648.51	252.578
1649.54	262.087
1650.58	266.595
1651.61	272.604
1652.65	264.613
1653.68	261.622
1654.72	252.631
1655.75	265.64
1656.79	278.648
1657.82	272.157
1658.85	264.666
1659.89	270.175
1660.92	257.684
1661.96	260.693
1662.99	273.701
1664.02	271.21
1665.06	270.719
1666.09	266.228
1667.12	264.737
1668.15	269.745
1669.19	265.754
1670.22	258.763
1671.25	261.772
1672.28	271.781
1673.32	277.79
1674.35	268.298
1675.38	275.307
1676.41	258.316
1677.44	260.825
1678.47	263.334
1679.5	261.843
1680.53	265.351
1681.56	265.86
1682.59	252.369
1683.62	260.878
1684.65	266.887
1685.68	256.896
1686.71	264.404
1687.74	263.413
1688.77	261.922
1689.8	259.931
1690.83	274.94
1691.86	278.448
1692.89	268.457
1693.92	259.966
1694.95	270.975
1695.97	267.984
1697	275.993
1698.03	268.501
1699.06	277.51
1700.09	272.019
1701.11	261.028
1702.14	271.037
1703.17	267.546
1704.2	260.054
1705.22	262.063
1706.25	261.072
1707.28	265.081
1708.3	259.09
1709.33	276.098
1710.35	261.107
1711.38	288.116
1712.41	256.125
1713.43	268.134
1714.46	251.143
1715.48	270.151
1716.51	276.16
1717.53	269.169
1718.56	276.178
1719.58	268.687
1720.61	274.196
1721.63	274.704
1722.65	266.713
1723.68	279.222
1724.7	270.231
1725.73	266.24
1726.75	272.749
1727.77	284.257
1728.8	248.766
1729.82	265.275
1730.84	267.284
1731.86	274.293
1732.89	262.301
1733.91	262.31
1734.93	259.319
1735.95	284.828
1736.98	279.837
1738	270.346
1739.02	284.354
1740.04	278.863
1741.06	272.872
1742.08	286.881
1743.1	273.39
1744.13	269.399
1745.15	269.407
1746.17	276.916
1747.19	258.425
1748.21	268.434
1749.23	290.443
1750.25	273.451
1751.27	262.46
1752.29	274.969
1753.3	260.978
1754.32	267.487
1755.34	274.496
1756.36	276.504
1757.38	273.513
1758.4	290.522
1759.42	274.031
1760.44	268.54
1761.45	254.549
1762.47	284.557
1763.49	274.566
1764.51	279.575
1765.53	272.084
1766.54	267.593
1767.56	256.602
1768.58	276.61
1769.59	267.119
1770.61	263.628
1771.63	273.637
1772.64	281.646
1773.66	268.154
1774.67	281.663
1775.69	268.672
1776.71	272.681
1777.72	277.69
1778.74	257.699
1779.75	291.207
1780.77	270.716
1781.78	269.225
1782.8	291.734
1783.81	272.243
1784.83	282.251
1785.84	268.76
1786.86	269.769
1787.87	268.778
1788.88	269.787
1789.9	283.796
1790.91	280.304
1791.92	280.813
1792.94	273.822
1793.95	272.331
1794.96	289.34
1795.98	268.849
1796.99	278.857
1798	280.866
1799.01	279.375
1800.02	284.884
1801.04	284.893
1802.05	271.402
1803.06	270.41
1804.07	256.419
1805.08	282.928
1806.09	272.437
1807.11	290.946
1808.12	282.954
1809.13	271.963
1810.14	285.472
1811.15	293.981
1812.16	269.99
1813.17	285.499
1814.18	281.507
1815.19	283.016
1816.2	283.025
1817.21	267.034
1818.22	284.043
1819.23	283.052
1820.23	275.06
1821.24	281.569
1822.25	278.078
1823.26	283.587
1824.27	265.096
1825.28	284.605
1826.28	273.113
1827.29	293.622
1828.3	279.131
1829.31	275.14
1830.32	288.649
1831.32	298.157
1832.33	302.166
1833.34	292.175
1834.34	294.184
1835.35	282.693
1836.36	303.202
1837.36	273.21
1838.37	290.719
1839.38	294.228
1840.38	275.737
1841.39	279.246
1842.39	290.755
1843.4	302.263
1844.4	282.772
1845.41	313.281
1846.41	283.29
1847.42	301.799
1848.42	300.807
1849.43	289.816
1850.43	300.825
1851.44	308.834
1852.44	293.843
1853.44	285.352
1854.45	294.36
1855.45	298.369
1856.45	295.378
1857.46	302.887
1858.46	300.396
1859.46	295.405
1860.47	283.913
1861.47	312.922
1862.47	302.431
1863.47	293.44
1864.47	288.449
1865.48	301.458
1866.48	283.466
1867.48	286.475
1868.48	299.984
1869.48	301.993
1870.48	306.002
1871.49	300.51
1872.49	281.519
1873.49	287.528
1874.49	297.037
1875.49	301.546
1876.49	301.555
1877.49	292.063
1878.49	290.072
1879.49	283.581
1880.49	288.59
1881.49	291.599
1882.49	299.108
1883.49	296.116
1884.49	284.625
1885.48	284.634
1886.48	302.143
1887.48	300.152
1888.48	285.16
1889.48	287.669
1890.48	304.178
1891.47	281.187
1892.47	294.696
1893.47	290.205
1894.47	295.713
1895.46	289.722
1896.46	274.231
1897.46	310.24
1898.46	294.749
1899.45	295.758
1900.45	299.766
1901.44	299.775
1902.44	288.784
1903.44	294.793
1904.43	293.802
1905.43	288.811
1906.42	285.819
1907.42	286.828
1908.42	295.337
1909.41	302.846
1910.41	298.355
1911.4	288.863
1912.4	286.872
1913.39	287.381
1914.39	304.89
1915.38	285.399
1916.37	301.908
1917.37	270.416
1918.36	288.425
1919.35	302.434
1920.35	299.943
1921.34	285.952
1922.33	305.961
1923.33	287.469
1924.32	311.478
1925.31	296.987
1926.31	295.996
1927.3	292.005
1928.29	296.013
1929.28	315.022
1930.27	286.031
1931.27	296.04
1932.26	301.549
1933.25	297.558
1934.24	301.566
1935.23	297.075
1936.22	299.584
1937.21	297.593
1938.21	303.602
1939.2	320.111
1940.19	280.119
1941.18	300.128
1942.17	299.637
1943.16	322.146
1944.15	308.155
1945.14	319.664
1946.13	334.172
1947.11	319.181
1948.1	315.19
1949.09	309.199
1950.08	305.208
1951.07	318.716
1952.06	310.225
1953.05	316.734
1954.04	314.243
1955.02	288.252
1956.01	314.261
1957	315.019
1957.99	311.778
1958.98	312.787
1959.96	302.796
1960.95	308.305
1961.94	307.314
1962.92	319.822
1963.91	301.331
1964.9	300.34
1965.88	314.849
1966.87	320.858
1967.86	302.366
1968.84	329.375
1969.83	309.384
1970.81	310.393
1971.8	314.402
1972.79	299.411
1973.77	324.419
1974.76	316.428
1975.74	304.937
1976.72	313.446
1977.71	307.955
1978.69	314.964
1979.68	299.472
1980.66	329.481
1981.65	320.49
1982.63	313.499
1983.62	310.508
1984.6	294.517
1985.58	327.525
1986.56	303.034
1987.55	319.043
1988.53	299.552
1989.51	304.561
1990.5	301.569
1991.48	330.078
1992.46	334.587
1993.44	313.096
1994.43	310.105
1995.41	301.614
1996.39	308.122
1997.37	319.131
1998.35	320.14
1999.33	319.649
2000.32	317.658
2001.3	314.667
2002.28	293.675
2003.26	316.684
2004.24	332.693
2005.22	304.702
2006.2	317.711
2007.18	312.219
2008.16	306.228
2009.14	316.237
2010.12	303.746
2011.1	315.755
2012.08	319.764
2013.06	311.772
2014.04	318.281
2015.02	315.29
2015.99	322.299
2016.97	304.808
2017.95	311.317
2018.93	305.825
2019.91	314.834
2020.89	304.843
2021.86	328.852
2022.84	302.861
2023.82	314.37
2024.8	320.878
2025.77	314.887
2026.75	297.896
2027.73	311.905
2028.7	315.914
2029.68	316.422
2030.66	320.931
2031.63	323.94
2032.61	318.949
2033.59	322.458
2034.56	318.967
2035.54	310.975
2036.51	326.484
2037.49	314.993
2038.46	326.502
2039.44	326.511
2040.42	325.02
2041.39	323.528
2042.37	326.537
2043.34	326.046
2044.31	328.555
2045.29	317.564
2046.26	329.572
2047.24	319.081
2048.21	330.09
2049.18	309.099
2050.16	302.108
2051.13	325.117
2052.1	317.125
2053.08	326.134
2054.05	317.643
2055.02	321.152
2056	293.161
2056.97	319.17
2057.94	318.678
2058.91	331.687
2059.89	323.696
2060.86	306.205
2061.83	315.214
2062.8	325.223
2063.77	330.231
2064.74	318.74
2065.72	325.249
2066.69	338.758
2067.66	329.267
2068.63	339.775
2069.6	339.784
2070.57	316.293
2071.54	327.802
2072.51	338.811
2073.48	320.82
2074.45	335.328
2075.42	327.337
2076.39	341.346
2077.36	339.355
2078.33	340.364
2079.3	334.372
2080.26	326.881
2081.23	323.39
2082.2	330.899
2083.17	328.908
2084.14	332.417
2085.11	346.925
2086.08	337.934
2087.04	341.443
2088.01	333.952
2088.98	333.461
2089.95	340.47
2090.91	329.978
2091.88	329.487
2092.85	337.496
2093.81	322.505
2094.78	349.014
2095.75	303.523
2096.71	323.531
2097.68	333.54
2098.65	334.549
2099.61	351.058
2100.58	324.567
2101.54	339.576
2102.51	337.584
2103.48	325.593
2104.44	340.602
2105.41	332.611
2106.37	330.62
2107.34	324.128
2108.3	341.637
2109.26	334.146
2110.23	318.155
2111.19	343.164
2112.16	331.673
2113.12	347.681
2114.09	351.19
2115.05	310.699
2116.01	332.208
2116.98	329.717
2117.94	356.226
2118.9	333.234
2119.86	337.743
2120.83	326.752
2121.79	318.761
2122.75	312.27
2123.72	336.778
2124.68	330.787
2125.64	332.796
2126.6	332.805
2127.56	328.814
2128.53	333.823
2129.49	328.831
2130.45	311.84
2131.41	326.849
2132.37	334.858
2133.33	315.367
2134.29	325.376
2135.25	326.884
2136.21	326.393
2137.17	326.402
2138.13	321.911
2139.09	337.92
2140.05	338.928
2141.01	336.937
2141.97	321.946
2142.93	319.955
2143.89	335.964
2144.85	355.973
2145.81	330.481
2146.77	340.99
2147.73	355.999
2148.68	327.508
2149.64	341.017
2150.6	329.026
2151.56	346.034
2152.52	344.543
2153.48	333.552
2154.43	330.061
2155.39	336.07
2156.35	341.079
2157.3	336.087
2158.26	351.596
2159.22	320.105
2160.17	333.614
2161.13	337.623
2162.09	350.131
2163.04	361.14
2164	337.149
2164.96	337.158
2165.91	341.667
2166.87	320.176
2167.82	336.184
2168.78	338.693
2169.73	338.702
2170.69	336.211
2171.65	347.22
2172.6	349.229
2173.56	332.237
2174.51	337.746
2175.46	353.255
2176.42	344.764
2177.37	324.273
2178.33	349.281
2179.28	331.29
2180.23	365.799
2181.19	337.808
2182.14	321.317
2183.09	332.826
2184.05	339.334
2185	349.343
2185.95	351.852
2186.91	325.361
2187.86	336.37
2188.81	353.879
2189.76	360.387
2190.72	344.396
2191.67	342.905
2192.62	359.414
2193.57	345.923
2194.52	338.432
2195.47	334.44
2196.43	349.449
2197.38	328.458
2198.33	348.967
2199.28	353.976
2200.23	353.484
2201.18	346.493
2202.13	332.502
2203.08	310.511
2204.03	351.52
2204.98	333.529
2205.93	333.537
2206.88	338.546
2207.83	352.555
2208.78	345.564
2209.73	350.573
2210.68	326.582
2211.63	346.59
2212.57	357.099
2213.52	358.608
2214.47	342.617
2215.42	348.626
2216.37	352.134
2217.32	343.643
2218.26	349.152
2219.21	342.161
2220.16	356.67
2221.11	354.679
2222.05	339.687
2223	328.699
2223.95	334.307
2224.9	321.148
2225.84	327.805
2226.79	346.475
2227.74	339.576
2228.68	349.134
2229.63	345.847
2230.58	351.874
2231.52	334.698
2232.47	343.978
2233.41	336.07
2234.36	328.16
2235.3	328.511
2236.25	335.079
2237.19	321.533
2238.14	338.156
2239.08	350.829
2240.03	339.029
2240.97	347.923
2241.92	349.372
2242.86	340.869
2243.81	339.249
2244.75	347.582
2245.69	348.468
2246.64	342.205
2247.58	345.141
2248.52	347.006
2249.47	342.617
2250.41	347.898
2251.35	354.379
2252.3	341.044
2253.24	343.165
2254.18	339.205
2255.12	334.898
2256.07	350.715
2257.01	341.35
2257.95	348.577
2258.89	349.055
2259.83	338.906
2260.77	339.611
2261.72	344.391
2262.66	352.985
2263.6	355.785
2264.54	348.13
2265.48	349.961
2266.42	354.063
2267.36	361.113
2268.3	361.603
2269.24	357.728
2270.18	358.912
2271.12	359.095
2272.06	359.937
2273	363.45
2273.94	359.484
2274.88	334.759
2275.82	349.828
2276.76	358.784
2277.7	359.306
2278.64	364.389
2279.57	357.126
2280.51	361.82
2281.45	361.759
2282.39	355.28
2283.33	358.67
2284.27	351.807
2285.2	354.246
2286.14	361.01
2287.08	366.536
2288.02	360.474
2288.95	369.171
2289.89	365.317
2290.83	363.387
2291.77	367.236
2292.7	362.698
2293.64	373.486
2294.57	356.334
2295.51	372.027
2296.45	356.335
2297.38	365.354
2298.32	365.152
2299.25	367.932
2300.19	368.778
2301.13	366.565
2302.06	370.118
2303	373.793
2303.93	359.823
2304.87	369.179
2305.8	372.485
2306.74	370.68
2307.67	374.135
2308.6	370.109
2309.54	360.604
2310.47	356.307
2311.41	380.459
2312.34	372.813
2313.27	357.624
2314.21	376.259
2315.14	373.064
2316.07	375.383
2317.01	363.896
2317.94	375.652
2318.88	380.122
2319.81	360.651
2320.75	374.679
2321.69	368.708
2322.63	368.236
2323.56	364.765
2324.5	384.794
2325.44	370.822
2326.37	390.851
2327.31	391.379
2328.25	375.908
2329.18	381.436
2330.12	379.965
2331.05	373.493
2331.99	366.522
2332.93	377.05
2333.86	376.579
2334.8	383.107
2335.73	374.136
2336.67	384.164
2337.6	385.693
2338.54	386.221
2339.47	375.25
2340.41	380.779
2341.34	371.307
2342.27	374.336
2343.21	386.364
2344.14	386.393
2345.08	391.421
2346.01	383.45
2346.94	381.478
2347.88	385.507
2348.81	390.535
2349.74	377.564
2350.68	393.592
2351.61	372.621
2352.54	374.649
2353.47	390.678
2354.41	389.206
2355.34	375.235
2356.27	380.763
2357.2	394.792
2358.13	379.821
2359.07	394.349
2360	371.878
2360.93	384.906
2361.86	377.935
2362.79	387.963
2363.72	387.992
2364.65	384.52
2365.58	393.549
2366.51	364.077
2367.44	380.106
2368.38	385.134
2369.31	380.163
2370.24	379.191
2371.17	397.22
2372.1	379.248
2373.02	382.277
2373.95	373.305
2374.88	369.334
2375.81	380.863
2376.74	376.391
2377.67	373.92
2378.6	388.448
2379.53	385.477
2380.46	393.005
2381.39	393.534
2382.31	387.562
2383.24	371.591
2384.17	389.619
2385.1	380.648
2386.03	379.176
2386.95	383.705
2387.88	380.233
2388.81	380.762
2389.74	391.79
2390.66	376.819
2391.59	387.848
2392.52	394.876
2393.44	394.905
2394.37	387.433
2395.3	392.462
2396.22	396.99
2397.15	404.019
2398.07	377.047
2399	399.076
2399.92	391.604
2400.85	390.133
2401.78	401.161
2402.7	392.19
2403.63	401.218
2404.55	378.247
2405.48	393.275
2406.4	397.304
2407.33	378.833
2408.25	397.361
2409.17	402.39
2410.1	397.918
2411.02	395.447
2411.95	402.975
2412.87	397.504
2413.79	394.032
2414.72	391.561
2415.64	387.589
2416.56	399.118
2417.49	388.646
2418.41	393.175
2419.33	404.703
2420.26	381.232
2421.18	390.26
2422.1	402.289
2423.02	384.818
2423.94	380.846
2424.87	374.875
2425.79	410.403
2426.71	407.432
2427.63	388.46
2428.55	389.989
2429.47	403.517
2430.4	388.046
2431.32	391.574
2432.24	419.603
2433.16	392.131
2434.08	393.66
2435	391.188
2435.92	397.217
2436.84	401.245
2437.76	410.274
2438.68	404.302
2439.6	400.831
2440.52	415.36
2441.44	406.388
2442.36	394.417
2443.28	420.445
2444.2	367.474
2445.11	391.002
2446.03	412.531
2446.95	408.559
2447.87	397.588
2448.79	412.116
2449.71	410.645
2450.63	402.673
2451.54	402.202
2452.46	414.73
2453.38	401.759
2454.3	408.287
2455.21	415.316
2456.13	409.845
2457.05	387.373
2457.97	402.402
2458.88	398.93
2459.8	389.459
2460.72	407.987
2461.63	400.516
2462.55	396.044
2463.47	403.573
2464.38	415.101
2465.3	414.63
2466.21	407.158
2467.13	413.187
2468.04	407.215
2468.96	395.744
2469.88	403.272
2470.79	399.301
2471.71	405.829
2472.62	391.358
2473.53	406.887
2474.45	422.915
2475.36	419.444
2476.28	383.972
2477.19	404.501
2478.11	416.529
2479.02	409.558
2479.93	414.586
2480.85	394.615
2481.76	406.643
2482.68	398.672
2483.59	405.7
2484.5	415.729
2485.42	406.757
2486.33	419.786
2487.24	409.314
2488.15	403.843
2489.07	408.872
2489.98	398.4
2490.89	411.429
2491.8	415.957
2492.71	401.986
2493.63	414.014
2494.54	419.543
2495.45	432.071
2496.36	427.1
2497.27	394.628
2498.18	409.157
2499.09	408.185
2500	408.714
2500.92	417.242
2501.83	407.271
2502.74	399.299
2503.65	412.328
2504.56	398.356
2505.47	403.385
2506.38	403.414
2507.29	399.442
2508.2	420.471
2509.11	411.499
2510.02	409.528
2510.92	418.056
2511.83	415.585
2512.74	409.613
2513.65	409.642
2514.56	398.67
2515.47	399.699
2516.38	387.727
2517.29	394.756
2518.19	411.284
2519.1	404.813
2520.01	405.841
2520.92	419.37
2521.82	423.899
2522.73	424.927
2523.64	418.456
2524.55	418.984
2525.45	421.513
2526.36	416.041
2527.27	412.57
2528.18	399.098
2529.08	413.127
2529.99	421.155
2530.89	414.684
2531.8	411.212
2532.71	405.241
2533.61	410.769
2534.52	407.798
2535.42	435.326
2536.33	419.355
2537.23	419.384
2538.14	396.412
2539.04	423.941
2539.95	431.969
2540.85	412.998
2541.76	415.026
2542.66	418.555
2543.57	410.583
2544.47	416.112
2545.38	411.64
2546.28	422.169
2547.18	407.197
2548.09	415.726
2548.99	421.254
2549.9	422.783
2550.8	422.811
2551.7	421.84
2552.61	415.368
2553.51	406.897
2554.41	429.926
2555.31	418.954
2556.22	433.983
2557.12	424.011
2558.02	419.04
2558.92	417.068
2559.83	414.097
2560.73	426.125
2561.63	417.654
2562.53	424.182
2563.43	411.211
2564.33	404.239
2565.23	437.268
2566.14	430.296
2567.04	422.325
2567.94	422.853
2568.84	424.382
2569.74	416.411
2570.64	420.439
2571.54	419.468
2572.44	425.496
2573.34	412.525
2574.24	433.053
2575.14	431.582
2576.04	434.61
2576.94	411.139
2577.84	432.667
2578.74	425.196
2579.64	403.724
2580.54	429.753
2581.44	426.281
2582.33	427.31
2583.23	427.839
2584.13	420.367
2585.03	437.896
2585.93	436.924
2586.83	449.453
2587.72	433.481
2588.62	433.01
2589.52	417.038
2590.42	438.567
2591.31	455.095
2592.21	426.624
2593.11	447.652
2594.01	438.181
2594.9	430.709
2595.8	441.738
2596.7	423.766
2597.59	428.295
2598.49	442.823
2599.38	427.352
2600.28	435.881
2601.18	415.409
2602.07	438.438
2602.97	441.966
2603.86	435.495
2604.76	421.523
2605.65	437.552
2606.55	429.58
2607.45	423.109
2608.34	417.637
2609.23	449.666
2610.13	410.194
2611.02	433.723
2611.92	427.751
2612.81	434.78
2613.71	414.808
2614.6	421.337
2615.5	441.865
2616.39	442.894
2617.28	437.923
2618.18	435.451
2619.07	432.98
2619.96	428.508
2620.86	442.037
2621.75	435.065
2622.64	419.594
2623.53	434.122
2624.43	433.151
2625.32	420.679
2626.21	450.208
2627.1	435.736
2628	423.265
2628.89	432.293
2629.78	433.322
2630.67	432.35
2631.56	437.879
2632.45	422.407
2633.35	428.436
2634.24	436.465
2635.13	450.493
2636.02	413.522
2636.91	420.55
2637.8	428.579
2638.69	437.607
2639.58	418.636
2640.47	442.664
2641.36	413.693
2642.25	425.721
2643.14	427.75
2644.03	419.778
2644.92	434.807
2645.81	423.335
2646.7	437.864
2647.59	442.392
2648.48	411.921
2649.37	431.45
2650.25	426.478
2651.14	439.007
2652.03	426.535
2652.92	414.064
2653.81	421.092
2654.7	420.121
2655.58	428.149
2656.47	415.178
2657.36	433.206
2658.25	439.235
2659.13	421.263
2660.02	436.292
2660.91	413.32
2661.8	421.849
2662.68	433.877
2663.57	434.406
2664.46	429.435
2665.34	430.463
2666.23	438.492
2667.12	434.52
2668	406.549
2668.89	407.577
2669.78	425.106
2670.66	450.634
2671.55	444.163
2672.43	445.191
2673.32	439.72
2674.2	406.748
2675.09	446.277
2675.97	397.805
2676.86	432.834
2677.74	426.862
2678.63	426.391
2679.51	444.919
2680.4	446.948
2681.28	425.977
2682.16	432.505
2683.05	431.034
2683.93	416.062
2684.82	427.591
2685.7	435.619
2686.58	433.148
2687.47	438.176
2688.35	444.205
2689.23	436.233
2690.12	424.262
2691	449.29
2691.88	424.819
2692.76	441.347
2693.65	437.376
2694.53	453.904
2695.41	449.433
2696.29	438.462
2697.18	441.49
2698.06	435.519
2698.94	433.547
2699.82	466.076
2700.7	456.604
2701.58	442.133
2702.46	433.161
2703.35	460.19
2704.23	420.718
2705.11	431.747
2705.99	448.775
2706.87	443.304
2707.75	450.832
2708.63	441.861
2709.51	430.889
2710.39	453.418
2711.27	453.447
2712.15	441.975
2713.03	465.504
2713.91	452.032
2714.79	445.561
2715.67	432.589
2716.55	450.618
2717.42	446.646
2718.3	460.675
2719.18	456.703
2720.06	442.232
2720.94	455.26
2721.82	468.789
2722.7	457.817
2723.57	434.346
2724.45	462.874
2725.33	453.903
2726.21	452.431
2727.08	467.46
2727.96	451.989
2728.84	463.517
2729.72	426.546
2730.59	429.574
2731.47	456.103
2732.35	470.631
2733.22	440.16
2734.1	423.688
2734.98	455.717
2735.85	440.245
2736.73	444.774
2737.61	438.802
2738.48	447.831
2739.36	435.859
2740.23	452.388
2741.11	412.916
2741.98	433.945
2742.86	464.974
2743.73	436.002
2744.61	445.031
2745.49	442.059
2746.36	438.088
2747.23	436.116
2748.11	457.145
2748.98	446.173
2749.86	471.202
2750.73	442.23
2751.61	438.259
2752.48	456.287
2753.35	460.816
2754.23	441.344
2755.1	461.873
2755.97	447.401
2756.85	440.93
2757.72	457.459
2758.59	445.487
2759.47	432.516
2760.34	448.544
2761.21	452.573
2762.08	450.601
2762.96	457.13
2763.83	452.658
2764.7	416.687
2765.57	432.215
2766.44	440.744
2767.32	446.272
2768.19	451.801
2769.06	452.329
2769.93	438.858
2770.8	435.886
2771.67	433.915
2772.54	429.943
2773.41	423.472
2774.29	448.001
2775.16	449.029
2776.03	438.558
2776.9	416.586
2777.77	444.115
2778.64	432.143
2779.51	440.172
2780.38	432.2
2781.25	454.229
2782.12	444.257
2782.99	453.286
2783.86	451.814
2784.72	442.843
2785.59	418.371
2786.46	451.9
2787.33	415.428
2788.2	447.957
2789.07	450.486
2789.94	444.514
2790.81	447.543
2791.67	442.571
2792.54	452.1
2793.41	469.628
2794.28	434.657
2795.14	435.685
2796.01	449.714
2796.88	406.742
2797.75	451.271
2798.61	433.299
2799.48	450.328
2800.35	462.856
2801.21	463.385
2802.08	450.913
2802.95	416.942
2803.82	462.97
2804.68	447.499
2805.55	446.528
2806.41	458.556
2807.28	441.585
2808.15	445.113
2809.01	441.142
2809.88	435.67
2810.74	449.199
2811.61	454.727
2812.47	465.756
2813.34	450.784
2814.2	427.313
2815.07	448.341
2815.93	451.37
2816.8	461.398
2817.66	446.427
2818.52	435.455
2819.39	454.484
2820.25	452.513
2821.12	452.541
2821.98	461.57
2822.84	464.598
2823.71	463.127
2824.57	457.655
2825.43	445.684
2826.3	459.712
2827.16	459.741
2828.02	466.769
2828.89	463.798
2829.75	466.826
2830.61	474.355
2831.47	450.883
2832.34	463.912
2833.2	469.94
2834.06	458.969
2834.92	481.497
2835.78	452.026
2836.65	479.055
2837.51	457.083
2838.37	441.112
2839.23	477.14
2840.09	475.669
2840.95	473.697
2841.81	474.726
2842.68	487.254
2843.54	491.283
2844.4	484.811
2845.26	495.84
2846.12	493.868
2846.98	489.897
2847.84	496.425
2848.7	488.454
2849.56	482.482
2850.42	473.511
2851.28	483.54
2852.14	482.568
2852.99	479.097
2853.85	464.625
2854.71	476.654
2855.57	467.682
2856.43	478.211
2857.29	471.739
2858.15	464.268
2859.01	462.796
2859.86	475.825
2860.72	444.853
2861.58	457.382
2862.44	455.91
2863.3	451.939
2864.15	456.967
2865.01	456.996
2865.87	473.024
2866.73	449.053
2867.58	450.082
2868.44	453.61
2869.3	459.639
2870.16	448.167
2871.01	444.196
2871.87	428.224
2872.73	457.753
2873.58	442.281
2874.44	471.31
2875.29	439.338
2876.15	456.367
2877.01	448.395
2877.86	455.424
2878.72	460.452
2879.57	463.981
2880.43	455.509
2881.28	443.538
2882.14	455.067
2882.99	443.595
2883.85	431.624
2884.7	446.152
2885.56	449.181
2886.41	463.709
2887.27	449.738
2888.12	438.766
2888.97	469.795
2889.83	471.823
2890.68	444.852
2891.54	434.88
2892.39	450.909
2893.24	446.937
2894.1	441.466
2894.95	439.994
2895.8	443.023
2896.66	454.052
2897.51	456.08
2898.36	456.109
2899.21	446.137
2900.07	451.166
2900.92	455.694
2901.77	429.223
2902.62	429.751
2903.48	445.78
2904.33	448.808
2905.18	456.837
2906.03	466.365
2906.88	456.394
2907.73	458.422
2908.59	432.451
2909.44	452.479
2910.29	447.508
2911.14	432.536
2911.99	449.565
2912.84	427.594
2913.69	432.622
2914.54	460.651
2915.39	423.679
2916.24	447.208
2917.09	453.736
2917.94	451.265
2918.79	465.793
2919.64	463.322
2920.49	446.35
2921.34	436.879
2922.19	467.907
2923.04	479.936
2923.89	470.964
2924.74	473.493
2925.59	444.521
2926.43	463.55
2927.28	483.079
2928.13	448.107
2928.98	443.136
2929.83	470.664
2930.68	478.693
2931.52	484.721
2932.37	502.25
2933.22	494.278
2934.07	483.307
2934.92	479.835
2935.76	463.864
2936.61	480.392
2937.46	484.421
2938.3	466.449
2939.15	466.478
2940	449.506
2940.84	472.035
2941.69	468.564
2942.54	467.592
2943.38	437.621
2944.23	469.149
2945.08	448.678
2945.92	462.206
2946.77	448.735
2947.61	471.263
2948.46	458.292
2949.3	484.82
2950.15	445.849
2950.99	459.877
2951.84	443.406
2952.68	452.934
2953.53	480.463
2954.37	458.491
2955.22	463.52
2956.06	454.548
2956.91	482.077
2957.75	463.106
2958.6	475.134
2959.44	448.163
2960.28	483.691
2961.13	458.22
2961.97	431.248
2962.81	467.277
2963.66	473.305
2964.5	450.334
2965.34	453.362
2966.19	447.391
2967.03	449.919
2967.87	462.448
2968.72	467.476
2969.56	436.505
2970.4	439.533
2971.24	457.562
2972.08	455.591
2972.93	467.119
2973.77	452.648
2974.61	447.176
2975.45	474.205
2976.29	448.733
2977.14	458.762
2977.98	455.29
2978.82	429.819
2979.66	449.347
2980.5	437.876
2981.34	472.904
2982.18	453.433
2983.02	449.461
2983.86	461.99
2984.7	441.018
2985.54	459.547
2986.38	458.076
2987.22	426.604
2988.06	461.133
2988.9	461.161
2989.74	435.69
2990.58	443.718
2991.42	447.247
2992.26	450.275
2993.1	441.804
2993.94	457.332
2994.78	444.361
2995.62	440.889
2996.46	456.418
2997.29	450.446
2998.13	450.475
2998.97	450.003
2999.81	444.032
3000.65	455.56
3001.48	444.589
3002.32	436.618
3003.16	446.146
3004	454.675
3004.84	459.703
3005.67	451.232
3006.51	446.76
3007.35	450.289
3008.18	426.817
3009.02	441.346
3009.86	436.874
3010.69	427.903
3011.53	458.431
3012.37	451.96
3013.2	434.988
3014.04	458.017
3014.88	448.546
3015.71	437.074
3016.55	432.103
3017.38	442.131
3018.22	447.66
3019.05	426.188
3019.89	450.217
3020.72	435.745
3021.56	454.274
3022.39	425.302
3023.23	450.331
3024.06	454.859
3024.9	439.388
3025.73	439.416
3026.57	448.445
3027.4	457.973
3028.24	440.502
3029.07	428.03
3029.9	430.559
3030.74	442.588
3031.57	450.116
3032.4	451.645
3033.24	449.673
3034.07	447.202
3034.9	446.73
3035.74	444.759
3036.57	436.787
3037.4	429.816
3038.23	431.344
3039.07	437.373
3039.9	436.901
3040.73	438.93
3041.57	434.958
3042.4	438.987
3043.23	444.515
3044.06	451.913
3044.89	451.001
3045.72	440.382
3046.56	435.329
3047.39	453.299
3048.22	432.652
3049.05	439.589
3049.88	448.747
3050.71	421.036
3051.54	445.953
3052.37	433.455
3053.2	446.978
3054.03	447.203
3054.86	432.314
3055.69	442.123
3056.52	433.332
3057.35	456.777
3058.18	442.751
3059.01	459.164
3059.84	450.025
3060.67	460.701
3061.5	435.325
3062.33	433
3063.16	446.658
3063.99	444.703
3064.82	455.445
3065.65	461.501
3066.48	442.656
3067.3	454.521
3068.13	450.117
3068.96	450.569
3069.79	447.011
3070.62	453.435
3071.44	447.264
3072.27	448.018
3073.1	442.818
3073.93	434.483
3074.76	441.376
3075.58	444.706
3076.41	460.31
3077.24	451.039
3078.06	453.855
3078.89	452.843
3079.72	446.586
3080.54	439.917
3081.37	442.909
3082.2	447.848
3083.02	456.616
3083.85	440.995
3084.68	449.038
3085.5	441.145
3086.33	443.167
3087.15	440.765
3087.98	452.661
3088.8	455.959
3089.63	441.616
3090.46	438.115
3091.28	441.877
3092.1	444.882
3092.93	439.61
3093.75	446.887
3094.58	445.533
3095.4	435.945
3096.23	439.683
3097.05	443.237
3097.88	446.761
3098.7	437.644
3099.52	433.567
3100.35	431.602
3101.17	435.196
3102	437.854
3102.82	444.51
3103.64	434.87
3104.47	435.194
3105.29	433.225
3106.11	439.543
3106.94	445.177
3107.76	434.546
3108.58	422.272
3109.4	431.855
3110.23	441.41
3111.05	439.802
3111.87	434.525
3112.69	426.572
3113.51	443.83
3114.34	435.272
3115.16	436.669
3115.98	423.233
3116.8	435.449
3117.62	433.51
3118.44	447.875
3119.26	433.154
3120.08	440.566
3120.91	431.126
3121.73	430.785
3122.55	439.636
3123.37	432.659
3124.19	436.569
3125.01	427.028
3125.83	436.617
3126.65	439.649
3127.47	427.637
3128.13	415.961
3128.96	435.447
3129.78	425.934
3130.61	436.921
3131.43	437.907
3132.25	423.894
3133.08	423.88
3133.9	429.867
3134.72	425.354
3135.55	439.84
3136.37	424.827
3137.19	435.814
3138.02	424.3
3138.84	409.287
3139.66	398.774
3140.49	448.26
3141.31	430.747
3142.13	418.734
3142.95	431.22
3143.77	421.207
3144.6	446.694
3145.42	418.18
3146.24	417.667
3147.06	417.654
3147.89	421.64
3148.71	427.627
3149.53	418.614
3150.35	436.1
3151.17	429.087
3151.99	436.074
3152.81	432.56
3153.63	428.547
3154.45	429.534
3155.27	431.52
3156.09	426.507
3156.92	430.494
3157.74	413.98
3158.56	430.467
3159.38	420.453
3160.2	424.94
3161.02	428.927
3161.83	432.413
3162.65	417.9
3163.47	433.387
3164.29	412.373
3165.11	423.36
3165.93	415.347
3166.75	429.333
3167.57	429.32
3168.39	417.807
3169.21	420.793
3170.03	431.28
3170.84	425.767
3171.66	409.253
3172.48	431.74
3173.3	424.227
3174.12	431.213
3174.93	424.7
3175.75	428.687
3176.57	422.173
3177.39	410.66
3178.21	424.647
3179.02	418.133
3179.84	418.12
3180.66	403.107
3181.47	398.093
3182.29	426.08
3183.11	420.066
3183.92	427.053
3184.74	406.54
3185.56	415.026
3186.37	431.013
3187.19	422.5
3188	426.986
3188.82	413.973
3189.64	424.96
3190.45	413.946
3191.27	425.933
3192.08	434.92
3192.9	413.906
3193.71	429.393
3194.53	426.88
3195.34	416.366
3196.16	419.353
3196.97	425.34
3197.79	418.326
3198.6	432.813
3199.42	412.8
3200.23	429.786
3201.05	415.773
3201.86	411.76
3202.67	439.746
3203.49	443.233
3204.3	416.72
3205.12	436.706
3205.93	416.693
3206.74	383.68
3207.56	435.166
3208.37	420.653
3209.18	434.139
3209.99	412.626
3210.81	428.613
3211.62	419.599
3212.43	419.086
3213.25	401.573
3214.06	426.559
3214.87	408.546
3215.68	435.533
3216.49	427.019
3217.31	412.506
3218.12	417.493
3218.93	428.479
3219.74	394.466
3220.55	396.453
3221.36	399.439
3222.17	425.426
3222.99	439.913
3223.8	419.399
3224.61	414.886
3225.42	414.873
3226.23	421.859
3227.04	426.846
3227.85	395.833
3228.66	417.319
3229.47	406.306
3230.28	418.293
3231.09	414.279
3231.9	413.266
3232.71	392.252
3233.52	424.239
3234.33	411.226
3235.14	436.212
3235.95	423.199
3236.76	412.186
3237.57	439.172
3238.38	413.159
3239.19	408.146
3239.99	420.132
3240.8	430.119
3241.61	407.606
3242.42	420.592
3243.23	424.079
3244.04	402.566
3244.84	406.052
3245.65	426.539
3246.46	411.026
3247.27	420.012
3248.08	408.999
3248.88	402.986
3249.69	400.972
3250.5	417.959
3251.3	408.946
3252.11	408.432
3252.92	409.919
3253.73	400.906
3254.53	425.392
3255.34	402.879
3256.15	412.365
3256.95	402.352
3257.76	405.839
3258.56	401.825
3259.37	418.812
3260.18	417.299
3260.98	413.785
3261.79	409.772
3262.59	392.759
3263.4	417.745
3264.2	403.732
3265.01	417.719
3265.82	403.705
3266.62	365.692
3267.42	400.679
3268.23	414.665
3269.03	405.652
3269.84	395.139
3270.64	415.625
3271.45	409.612
3272.25	394.599
3273.06	397.085
3273.86	406.572
3274.66	416.559
3275.47	412.545
3276.27	423.032
3277.08	404.519
3277.88	412.005
3278.68	389.492
3279.48	405.979
3280.29	411.965
3281.09	412.952
3281.89	403.438
3282.7	402.925
3283.5	390.412
3284.3	420.898
3285.1	406.885
3285.91	391.372
3286.71	397.358
3287.51	393.345
3288.31	406.332
3289.12	411.318
3289.92	383.305
3290.72	396.292
3291.52	398.278
3292.32	401.765
3293.12	399.252
3293.92	408.238
3294.73	405.225
3295.53	419.712
3296.33	396.698
3297.13	411.185
3297.93	389.172
3298.73	395.658
3299.53	402.145
3300.33	393.132
3301.13	403.118
3301.93	400.105
3302.73	385.092
3303.53	408.578
3304.33	395.565
3305.13	401.051
3305.93	393.038
3306.73	380.025
3307.53	402.511
3308.33	416.998
3309.13	393.485
3309.93	391.971
3310.73	401.958
3311.52	396.445
3312.32	409.431
3313.12	395.418
3313.92	395.905
3314.72	389.391
3315.52	391.878
3316.31	392.365
3317.11	398.851
3317.91	389.338
3318.71	402.825
3319.51	393.811
3320.3	395.798
3321.1	388.785
3321.9	394.771
3322.7	393.758
3323.49	395.745
3324.29	394.231
3325.09	390.718
3325.88	383.705
3326.68	394.691
3327.48	400.678
3328.27	395.664
3329.07	382.651
3329.87	411.138
3330.66	385.624
3331.46	401.111
3332.25	390.598
3333.05	378.084
3333.84	394.571
3334.64	393.558
3335.44	388.544
3336.23	389.531
3337.03	381.518
3337.82	382.504
3338.62	399.491
3339.41	381.978
3340.21	382.464
3341	386.451
3341.8	389.438
3342.59	395.424
3343.39	402.411
3344.18	373.898
3344.97	392.384
3345.77	384.871
3346.56	403.358
3347.35	392.844
3348.15	381.331
3348.94	389.318
3349.74	399.304
3350.53	366.291
3351.32	398.778
3352.12	386.764
3352.91	403.251
3353.7	388.237
3354.49	357.724
3355.29	376.211
3356.08	378.197
3356.87	391.184
3357.66	384.171
3358.46	399.657
3359.25	398.144
3360.04	402.631
3360.83	405.117
3361.62	387.604
3362.42	396.591
3363.21	393.077
3364	394.064
3364.79	410.551
3365.58	396.037
3366.37	395.024
3367.16	390.011
3367.96	386.497
3368.75	395.484
3369.54	396.471
3370.33	380.457
3371.12	371.944
3371.91	399.431
3372.7	383.917
3373.49	402.904
3374.28	398.391
3375.07	387.877
3375.86	392.364
3376.65	392.85
3377.44	375.837
3378.23	388.324
3379.02	378.81
3379.81	390.297
3380.6	389.284
3381.38	390.77
3382.17	394.257
3382.96	410.744
3383.75	384.23
3384.54	397.717
3385.33	384.704
3386.12	374.69
3386.91	389.677
3387.69	363.664
3388.48	376.65
3389.27	393.637
3390.06	389.624
3390.85	393.61
3391.63	403.347
3392.42	403.584
3393.21	398.07
3394	369.557
3394.78	377.544
3395.57	393.03
3396.36	386.517
3397.14	388.504
3397.93	388.99
3398.72	391.477
3399.5	382.464
3400.29	376.45
3401.08	389.937
3401.86	376.923
3402.65	394.41
3403.44	380.397
3404.22	394.383
3405.01	391.37
3405.79	378.357
3406.58	391.843
3407.36	397.83
3408.15	396.317
3408.93	374.303
3409.72	374.29
3410.5	378.277
3411.29	387.763
3412.07	389.75
3412.86	388.237
3413.64	385.223
3414.43	375.21
3415.21	364.697
3416	395.183
3416.78	371.17
3417.57	364.157
3418.35	381.643
3419.13	392.13
3419.92	388.117
3420.7	357.103
3421.48	415.59
3422.27	387.577
3423.05	355.563
3423.83	374.55
3424.62	367.536
3425.4	386.523
3426.18	399.51
3426.97	386.996
3427.75	389.483
3428.53	359.97
3429.31	389.456
3430.1	372.943
3430.88	394.93
3431.66	375.416
3432.44	379.903
3433.22	374.89
3434.01	369.876
3434.79	366.363
3435.57	361.85
3436.35	369.836
3437.13	374.823
3437.91	375.81
3438.7	366.796
3439.48	369.783
3440.26	369.77
3441.04	386.256
3441.82	367.743
3442.6	387.73
3443.38	370.216
3444.16	368.703
3444.94	361.19
3445.72	374.676
3446.5	377.663
3447.28	368.149
3448.06	384.136
3448.84	379.623
3449.62	382.109
3450.4	389.596
3451.18	362.083
3451.96	363.569
3452.74	368.556
3453.52	368.543
3454.3	365.529
3455.07	366.016
3455.85	370.503
3456.63	377.489
3457.41	360.476
3458.19	372.463
3458.97	376.449
3459.75	385.436
3460.52	367.923
3461.3	366.409
3462.08	370.396
3462.86	376.883
3463.64	368.369
3464.41	354.356
3465.19	366.343
3465.97	351.829
3466.75	360.816
3467.52	380.303
3468.3	370.289
3469.08	362.776
3469.85	366.263
3470.63	375.749
3471.41	367.736
3472.18	360.222
3472.96	360.209
3473.74	347.196
3474.51	351.182
3475.29	363.169
3476.06	359.156
3476.84	355.142
3477.62	365.129
3478.39	364.116
3479.17	379.102
3479.94	344.089
3480.72	368.076
3481.49	379.562
3482.27	375.049
3483.04	364.036
3483.82	357.022
3484.59	361.509
3485.37	369.996
3486.14	361.982
3486.92	374.469
3487.69	367.456
3488.47	357.942
3489.24	380.429
3490.01	357.916
3490.79	360.402
3491.56	365.389
3492.34	371.876
3493.11	358.362
3493.88	358.849
3494.66	357.335
3495.43	353.322
3496.2	363.809
3496.98	342.795
3497.75	373.282
3498.52	369.769
3499.3	339.755
3500.07	373.742
3500.84	369.229
3501.61	367.715
3502.39	371.202
3503.16	376.689
3503.93	383.675
3504.7	367.662
3505.48	360.649
3506.25	351.635
3507.02	360.622
3507.79	379.109
3508.56	360.595
3509.33	362.082
3510.1	349.569
3510.88	357.555
3511.65	363.542
3512.42	377.029
3513.19	362.515
3513.96	359.002
3514.73	359.989
3515.5	375.475
3516.27	351.462
3517.04	373.448
3517.81	355.935
3518.58	375.922
3519.35	361.408
3520.12	386.395
3520.89	355.382
3521.66	350.868
3522.43	352.355
3523.2	361.842
3523.97	358.828
3524.74	359.315
3525.51	355.302
3526.28	345.288
3527.05	353.275
3527.82	353.262
3528.59	355.748
3529.35	371.735
3530.12	367.222
3530.89	357.208
3531.66	370.695
3532.43	360.182
3533.2	363.168
3533.96	378.655
3534.73	373.142
3535.5	358.128
3536.27	379.115
3537.03	362.102
3537.8	374.588
3538.57	368.075
3539.34	343.062
3540.1	350.048
3540.87	369.035
3541.64	363.521
3542.4	362.008
3543.17	353.995
3543.94	363.981
3544.71	377.968
3545.47	356.455
3546.24	357.941
3547	347.928
3547.77	369.915
3548.54	352.901
3549.3	348.888
3550.07	356.875
3550.83	366.861
3551.6	357.348
3552.37	348.835
3553.13	356.821
3553.9	373.808
3554.66	336.795
3555.43	369.781
3556.19	354.268
3556.96	366.255
3557.72	348.741
3558.49	358.728
3559.25	326.715
3560.01	366.201
3560.78	340.188
3561.54	351.674
3562.31	354.661
3563.07	351.648
3563.84	345.634
3564.6	340.621
3565.36	360.608
3566.13	365.594
3566.89	346.581
3567.65	355.568
3568.42	348.554
3569.18	353.041
3569.94	363.528
3570.71	363.514
3571.47	367.501
3572.23	357.488
3573	362.974
3573.76	363.961
3574.52	352.448
3575.28	333.434
3576.04	348.421
3576.81	335.408
3577.57	361.394
3578.33	348.381
3579.09	356.368
3579.85	342.354
3580.62	338.341
3581.38	333.328
3582.14	343.314
3582.9	361.301
3583.66	359.288
3584.42	338.274
3585.18	339.261
3585.95	345.247
3586.71	342.734
3587.47	337.221
3588.23	338.207
3588.99	365.694
3589.75	343.681
3590.51	348.167
3591.27	353.654
3592.03	339.141
3592.79	348.127
3593.55	346.614
3594.31	351.101
3595.07	338.087
3595.83	352.074
3596.59	352.561
3597.35	353.047
3598.11	338.034
3598.87	350.021
3599.62	352.507
3600.38	341.494
3601.14	350.981
3601.9	321.967
3602.66	335.454
3603.42	325.941
3604.18	361.427
3604.93	341.914
3605.69	362.429
3606.45	345.445
3607.21	339.46
3607.97	327.976
3608.72	339.991
3609.48	352.007
3610.24	320.022
3611	340.538
3611.75	347.053
3612.51	325.069
3613.27	325.084
3614.03	344.1
3614.78	344.115
3615.54	351.13
3616.3	337.146
3617.05	347.161
3617.81	334.177
3618.57	340.692
3619.32	332.208
3620.08	349.723
3620.84	357.239
3621.59	338.754
3622.35	368.27
3623.1	334.785
3623.86	346.301
3624.61	351.316
3625.37	356.332
3626.13	320.347
3626.88	354.363
3627.64	353.378
3628.39	333.893
3629.15	340.409
3629.9	329.924
3630.66	336.44
3631.41	349.955
3632.17	347.471
3632.92	359.986
3633.67	343.002
3634.43	359.517
3635.18	336.533
3635.94	350.548
3636.69	348.564
3637.45	367.079
3638.2	347.095
3638.95	349.61
3639.71	348.125
3640.46	351.641
3641.21	357.656
3641.97	351.172
3642.72	356.687
3643.47	346.203
3644.23	342.718
3644.98	353.734
3645.73	354.749
3646.48	332.765
3647.24	346.78
3647.99	354.796
3648.74	348.311
3649.49	342.327
3650.25	344.342
3651	346.858
3651.75	344.373
3652.5	321.388
3653.25	357.404
3654	358.919
3654.76	345.935
3655.51	346.45
3656.26	346.966
3657.01	360.481
3657.76	339.997
3658.51	348.012
3659.26	343.528
3660.01	347.043
3660.76	337.559
3661.52	363.574
3662.27	346.59
3663.02	352.605
3663.77	331.12
3664.52	348.136
3665.27	340.151
3666.02	329.167
3666.77	328.682
3667.52	333.198
3668.27	342.213
3669.02	331.229
3669.76	331.244
3670.51	336.26
3671.26	339.775
3672.01	331.291
3672.76	350.306
3673.51	342.322
3674.26	338.837
3675.01	337.352
3675.76	334.868
3676.51	331.383
3677.25	336.899
3678	328.414
3678.75	328.43
3679.5	321.945
3680.25	328.461
3680.99	336.476
3681.74	329.492
3682.49	339.007
3683.24	333.023
3683.99	339.538
3684.73	330.554
3685.48	333.569
3686.23	345.085
3686.98	333.1
3687.72	344.115
3688.47	324.631
3689.22	333.146
3689.96	320.662
3690.71	330.677
3691.46	342.193
3692.2	325.208
3692.95	317.724
3693.7	335.739
3694.44	331.755
3695.19	346.77
3695.93	340.786
3696.68	332.301
3697.42	330.317
3698.17	342.832
3698.92	323.848
3699.66	310.863
3700.41	342.378
3701.15	347.394
3701.9	307.909
3702.64	318.925
3703.39	312.94
3704.13	334.956
3704.88	306.971
3705.62	321.487
3706.37	328.502
3707.11	327.018
3707.85	345.033
3708.6	334.049
3709.34	330.064
3710.09	336.08
3710.83	316.095
3711.57	331.11
3712.32	316.126
3713.06	316.641
3713.8	316.157
3714.55	313.672
3715.29	336.688
3716.03	317.703
3716.78	341.219
3717.52	324.234
3718.26	334.25
3719.01	329.265
3719.75	317.281
3720.49	325.296
3721.23	302.312
3721.98	320.327
3722.72	308.343
3723.46	328.358
3724.2	326.373
3724.94	310.889
3725.69	327.904
3726.43	315.42
3727.17	304.435
3727.91	313.451
3728.65	332.466
3729.39	326.982
3730.14	316.497
3730.88	293.513
3731.62	306.528
3732.36	321.544
3733.1	308.559
3733.84	310.575
3734.58	323.59
3735.32	312.105
3736.06	316.621
3736.8	324.636
3737.54	323.152
3738.28	322.167
3739.02	314.183
3739.76	326.698
3740.5	328.214
3741.24	317.229
3741.98	307.745
3742.72	317.76
3743.46	317.276
3744.2	320.291
3744.94	327.307
3745.68	311.822
3746.42	337.838
3747.16	318.853
3747.9	330.368
3748.64	309.384
3749.37	329.899
3750.11	325.915
3750.85	311.93
3751.59	327.946
3752.33	313.461
3753.07	320.477
3753.8	313.992
3754.54	332.008
3755.28	323.523
3756.02	310.039
3756.75	322.054
3757.49	305.07
3758.23	324.585
3758.97	315.6
3759.71	320.116
3760.44	330.131
3761.18	320.147
3761.92	328.162
3762.65	324.178
3763.39	316.193
3764.13	313.209
3764.86	310.724
3765.6	328.24
3766.34	320.755
3767.07	329.271
3767.81	317.286
3768.54	324.302
3769.28	328.821
3770.02	323.567
3770.75	316.058
3771.49	312.24
3772.22	315.358
3772.96	322.461
3773.69	316.508
3774.43	322.515
3775.16	322.837
3775.9	301.602
3776.63	312.486
3777.37	297.464
3778.1	301.063
3778.84	306.648
3779.57	315.954
3780.31	300.938
3781.04	317.625
3781.78	327.409
3782.51	308.118
3783.24	313.139
3783.98	305.786
3784.71	320.004
3785.45	322.664
3786.18	308.043
3786.91	332.734
3787.65	324.286
3788.38	310.462
3789.11	315.345
3789.85	313.265
3790.58	328.802
3791.31	313.036
3792.05	315.561
3792.78	308.636
3793.51	310.023
3794.24	308.044
3794.98	308.989
3795.71	314.353
3796.44	313.3
3797.17	299.71
3797.91	313.175
3798.64	313.333
3799.37	316.559
3800.1	315.418
3800.83	312.144
3801.56	318.375
3802.3	311.165
3803.03	317.833
3803.76	320.807
3804.49	316.678
3805.22	303.858
3805.95	305.363
3806.68	300.306
3807.41	298.941
3808.14	293.835
3808.87	313.96
3809.6	299.737
3810.34	305.502
3811.07	303.451
3811.8	311.976
3812.53	302.935
3813.26	303.893
3813.99	309.432
3814.72	316.421
3815.45	306.509
3816.18	297.616
3816.91	309.054
3817.63	309.429
3818.36	301.908
3819.09	310.898
3819.82	306.242
3820.55	311.779
3821.28	311.402
3822.01	315.292
3822.74	303.264
3823.47	305.027
3824.19	290.558
3824.92	302.917
3825.65	290.201
3826.38	296.387
3827.11	299.098
3827.84	306.613
3828.56	309.645
3829.29	305.314
3830.02	300.715
3830.75	296.841
3831.47	294.19
3832.2	302.968
3832.93	305.741
3833.66	300.228
3834.38	304.609
3835.11	291.417
3835.84	297.571
3836.56	278.144
3837.29	279.142
3838.02	293.101
3838.75	302.976
3839.47	301.963
3840.2	293.685
3840.92	300.589
3841.65	298.572
3841.86	296.105
3842.59	303.605
3843.32	314.106
3844.05	301.106
3844.78	312.607
3845.51	295.607
3846.24	294.108
3846.97	300.609
3847.7	301.109
3848.43	301.11
3849.16	303.11
3849.89	311.611
3850.62	294.611
3851.35	309.112
3852.08	307.612
3852.81	307.113
3853.53	289.113
3854.26	301.614
3854.99	328.114
3855.72	314.615
3856.45	307.615
3857.18	298.616
3857.91	305.116
3858.63	312.117
3859.36	309.617
3860.09	305.118
3860.82	297.118
3861.55	296.119
3862.27	304.119
3863	302.12
3863.73	310.621
3864.46	299.121
3865.18	287.122
3865.91	303.622
3866.64	284.623
3867.36	281.123
3868.09	292.124
3868.82	296.624
3869.54	299.125
3870.27	298.125
3871	300.126
3871.72	281.126
3872.45	296.627
3873.18	294.127
3873.9	298.128
3874.63	303.628
3875.35	293.129
3876.08	294.129
3876.81	312.13
3877.53	305.63
3878.26	299.631
3878.98	310.631
3879.71	295.132
3880.43	301.633
3881.16	295.133
3881.88	292.134
3882.61	294.134
3883.33	313.135
3884.06	314.635
3884.78	303.636
3885.51	300.636
3886.23	289.137
3886.96	312.137
3887.68	299.638
3888.41	305.638
3889.13	280.139
3889.85	295.139
3890.58	291.14
3891.3	299.14
3892.03	310.141
3892.75	292.141
3893.47	291.142
3894.2	298.142
3894.92	284.643
3895.64	284.643
3896.37	293.144
3897.09	285.145
3897.81	289.145
3898.53	292.646
3899.26	313.646
3899.98	305.147
3900.7	298.647
3901.42	268.148
3902.15	270.148
3902.87	288.149
3903.59	293.149
3904.31	293.15
3905.04	274.15
3905.76	294.651
3906.48	293.651
3907.2	300.152
3907.92	291.652
3908.64	283.153
3909.37	296.653
3910.09	293.154
3910.81	323.154
3911.53	283.155
3912.25	291.155
3912.97	289.656
3913.69	298.657
3914.41	279.157
3915.13	284.158
3915.85	280.658
3916.57	268.159
3917.29	298.659
3918.02	287.16
3918.74	299.16
3919.46	273.161
3920.18	277.161
3920.9	286.162
3921.62	287.662
3922.34	261.163
3923.05	294.163
3923.77	303.664
3924.49	286.164
3925.21	276.165
3925.93	293.165
3926.65	299.166
3927.37	293.666
3928.09	286.667
3928.81	284.167
3929.53	284.168
3930.25	280.169
3930.96	287.169
3931.68	276.67
3932.4	293.17
3933.12	294.171
3933.84	271.171
3934.56	288.172
3935.27	289.172
3935.99	286.673
3936.71	272.673
3937.43	286.674
3938.14	261.174
3938.86	271.675
3939.58	288.175
3940.3	286.176
3941.01	286.676
3941.73	289.677
3942.45	281.177
3943.17	279.178
3943.88	271.178
3944.6	281.179
3945.32	272.18
3946.03	278.68
3946.75	270.681
3947.47	284.181
3948.18	284.182
3948.9	277.182
3949.61	271.183
3950.33	249.183
3951.05	269.184
3951.76	276.184
3952.48	254.185
3953.19	257.185
3953.91	275.686
3954.62	284.186
3955.34	284.187
3956.05	285.687
3956.77	275.688
3957.48	274.188
3958.2	273.189
3958.91	273.689
3959.63	270.69
3960.34	266.19
3961.06	272.191
3961.77	270.191
3962.49	273.192
3963.2	256.193
3963.92	270.693
3964.63	287.194
3965.34	265.194
3966.06	229.195
3966.77	282.695
3967.49	273.196
3968.2	271.196
3968.91	279.197
3969.63	278.697
3970.34	270.198
3971.05	283.198
3971.77	275.699
3972.48	288.199
3973.19	264.2
3973.91	264.7
3974.62	263.201
3975.33	268.201
3976.04	266.202
3976.76	268.202
3977.47	277.203
3978.18	261.203
3978.89	261.204
3979.6	260.205
3980.32	269.205
3981.03	260.706
3981.74	263.206
3982.45	255.707
3983.16	269.707
3983.88	269.708
3984.59	281.208
3985.3	272.209
3986.01	259.709
3986.72	278.71
3987.43	265.71
3988.14	259.211
3988.85	270.211
3989.56	248.212
3990.28	269.212
3990.99	271.713
3991.7	270.213
3992.41	267.714
3993.12	259.214
3993.83	260.215
3994.54	252.215
3995.25	259.716
3995.96	264.217
3996.67	262.717
3997.38	277.218
3998.09	267.218
3998.8	265.219
3999.51	267.219
