201.015	5517
202.282	5570.43
203.551	5595.85
204.817	5555.78
206.085	5561.7
207.352	5610.13
208.619	5597.05
209.885	5735.98
211.152	5637.9
212.418	5770.83
213.685	5760.75
214.95	5818.18
216.216	5809.1
217.481	5831.03
218.745	5833.96
220.011	5916.38
221.275	5987.81
222.54	5894.73
223.804	5901.66
225.069	5903.58
226.332	5813.51
227.595	5855.43
228.859	5697.36
230.122	5786.29
231.384	5806.21
232.648	5702.64
233.91	5693.06
235.173	5572.99
236.435	5569.91
237.696	5578.34
238.959	5495.76
240.22	5429.69
241.48	5411.11
242.741	5332.54
244.003	5354.46
245.263	5379.89
246.523	5216.32
247.784	5282.24
249.044	5214.17
250.303	5162.09
251.562	5089.02
252.823	5152.44
254.081	5041.87
255.34	4997.79
256.598	5005.22
257.858	4984.14
259.116	4956.07
260.373	4902.5
261.631	4833.42
262.888	4832.35
264.147	4796.27
265.404	4753.2
266.66	4755.62
267.917	4756.05
269.173	4700.97
270.429	4734.9
271.685	4721.82
272.942	4691.75
274.197	4643.68
275.453	4725.1
276.708	4660.53
277.963	4634.45
279.217	4697.88
280.472	4707.8
281.726	4629.23
282.98	4674.15
284.234	4630.08
285.488	4664
286.742	4651.43
287.996	4711.36
289.249	4679.78
290.502	4686.71
291.754	4682.13
293.007	4655.56
294.259	4647.48
295.511	4649.41
296.763	4680.83
298.014	4753.26
299.266	4724.68
300.517	4690.11
301.768	4674.04
303.017	4793.96
304.268	4710.39
305.518	4736.81
306.768	4772.74
308.018	4778.66
309.268	4746.59
310.518	4774.51
311.767	4742.44
313.016	4804.36
314.265	4823.79
315.514	4829.71
316.761	4832.14
318.01	4888.07
319.258	4873.99
320.506	4839.92
321.754	4885.84
323.001	4816.27
324.247	4763.19
325.494	4843.62
326.741	4770.54
327.988	4747.47
329.235	4825.39
330.48	4793.82
331.726	4779.75
332.972	4780.17
334.218	4785.1
335.463	4792.02
336.707	4764.45
337.952	4887.87
339.197	4906.8
340.441	4862.72
341.685	4907.15
342.929	4848.07
344.174	4922.5
345.416	4881.43
346.66	4922.85
347.904	4936.28
349.145	4962.7
350.389	4958.13
351.632	4935.05
352.873	4978.48
354.115	5029.4
355.358	5048.33
356.599	5056.25
357.841	5095.68
359.081	5085.1
360.322	5099.53
361.564	5192.46
362.803	5185.38
364.044	5248.31
365.284	5265.73
366.524	5301.66
367.765	5324.08
369.003	5311.01
370.243	5391.93
371.482	5454.86
372.721	5527.78
373.959	5587.71
375.198	5553.64
376.436	5612.56
377.675	5742.49
378.912	5757.41
380.15	5881.34
381.387	5832.26
382.625	5909.19
383.861	6040.11
385.099	6120.04
386.335	6136.46
387.571	6192.89
388.808	6311.82
390.043	6303.74
391.28	6363.67
392.515	6317.59
393.749	6463.52
394.985	6450.44
396.22	6500.87
397.455	6533.29
398.689	6529.72
399.923	6663.64
401.158	6622.07
402.391	6726
403.625	6715.92
404.859	6745.85
406.092	6808.27
407.324	6844.2
408.558	6847.62
409.79	6944.55
411.022	6940.47
412.256	6948.9
413.487	7114.82
414.719	7135.25
415.95	7176.18
417.182	7271.1
418.413	7316.53
419.644	7398.95
420.874	7503.38
422.106	7519.8
423.336	7735.73
424.566	7866.65
425.795	7983.08
427.025	8110
428.255	8310.43
429.484	8618.35
430.713	8792.78
431.942	9107.21
433.17	9319.13
434.399	9673.06
435.627	9955.48
436.856	10239.9
438.084	10794.8
439.311	11186.8
440.538	11988.7
441.765	12686.1
442.992	13368.5
444.219	14198
445.445	15198.4
446.672	16477.3
447.898	17839.2
449.124	19375.2
450.349	20908.1
451.576	22535
452.802	24091.4
454.027	25675.9
455.252	26814.8
456.476	27440.2
457.701	27367.1
458.925	26834.6
460.149	25776.5
461.373	24152.4
462.596	22345.3
463.819	20601.3
465.043	18819.7
466.266	17201.1
467.489	15581.5
468.711	14126
469.934	12960.4
471.156	12070.8
472.379	11193.7
473.601	10558.7
474.822	9879.6
476.044	9361.52
477.264	8859.95
478.485	8453.37
479.706	8104.8
480.927	7793.72
482.148	7574.65
483.368	7380.07
484.588	7009
485.807	6975.42
487.027	6837.85
488.246	6689.78
489.466	6591.7
490.685	6335.63
491.903	6295.55
493.122	6117.48
494.34	6104.4
495.559	5993.83
496.776	5954.25
497.994	5899.18
499.212	5816.1
500.43	5805.03
501.646	5742.96
502.863	5645.88
504.08	5626.81
505.296	5568.73
506.512	5456.66
507.729	5527.08
508.944	5427.51
510.16	5444.43
511.376	5428.36
512.59	5349.78
513.806	5393.21
515.021	5288.64
516.235	5205.06
517.45	5241.99
518.663	5257.91
519.878	5276.84
521.093	5241.76
522.305	5300.19
523.519	5246.61
524.732	5187.04
525.945	5229.46
527.158	5215.39
528.371	5253.32
529.582	5251.74
530.795	5263.67
532.007	5186.59
533.219	5299.02
534.43	5124.94
535.642	5262.87
536.853	5330.79
538.064	5275.22
539.274	5398.64
540.486	5355.57
541.696	5345
542.907	5359.42
544.116	5379.35
545.326	5433.77
546.535	5362.2
547.744	5427.62
548.954	5455.55
550.163	5510.97
551.372	5459.9
552.58	5343.82
553.788	5380.75
554.997	5499.67
556.205	5468.6
557.412	5432.53
558.62	5507.45
559.827	5552.38
561.034	5473.3
562.242	5469.23
563.448	5478.65
564.654	5546.08
565.861	5480
567.067	5456.93
568.273	5490.35
569.478	5468.78
570.685	5483.21
571.89	5440.13
573.094	5445.56
574.299	5360.48
575.505	5482.91
576.709	5417.33
577.913	5382.26
579.117	5421.68
580.322	5383.11
581.525	5432.03
582.728	5381.46
583.931	5297.89
585.134	5290.81
586.337	5340.74
587.541	5293.66
588.743	5229.59
589.945	5186.51
591.147	5164.44
592.349	5120.36
593.55	5042.29
594.752	5057.71
595.953	4982.14
597.154	5018.56
598.355	4965.49
599.557	4943.42
600.757	4867.84
601.957	4933.27
603.157	4812.69
604.357	4765.62
605.557	4751.54
606.756	4681.47
607.955	4756.89
609.154	4648.32
610.353	4654.74
611.552	4583.17
612.75	4576.1
613.949	4540.02
615.147	4493.95
616.345	4495.87
617.543	4415.8
618.739	4370.72
619.936	4411.65
621.133	4305.57
622.33	4295.5
623.527	4322.42
624.724	4161.35
625.92	4213.28
627.116	4222.2
628.312	4151.63
629.508	4192.05
630.702	4072.48
631.898	4088.9
633.093	4018.83
634.288	4039.75
635.483	3974.18
636.678	3889.6
637.871	3902.53
639.065	3890.46
640.26	3839.38
641.454	3766.81
642.646	3812.23
643.84	3748.66
645.033	3734.08
646.226	3726.01
647.418	3661.93
648.611	3594.86
649.803	3541.28
650.996	3584.21
652.187	3551.14
653.379	3458.56
654.571	3480.99
655.761	3435.41
656.952	3407.34
658.144	3348.26
659.334	3333.69
660.525	3273.11
661.715	3250.04
662.905	3187.96
664.095	3167.89
665.285	3191.31
666.474	3130.74
667.664	3146.67
668.852	3145.59
670.041	3081.52
671.229	3000.44
672.418	3011.37
673.607	3006.79
674.795	2862.22
675.983	2917.14
677.17	2909.57
678.358	2871.49
679.545	2820.92
680.733	2824.85
681.919	2786.77
683.106	2778.2
684.292	2766.62
685.479	2774.55
686.665	2750.47
687.851	2765.9
689.036	2684.32
690.221	2669.25
691.407	2655.17
692.592	2665.1
693.778	2675.03
694.962	2635.95
696.147	2666.38
697.331	2693.8
698.515	2631.23
699.699	2586.65
700.883	2635.58
702.066	2625.5
703.25	2632.43
704.433	2576.35
705.615	2600.78
706.799	2604.21
707.981	2534.13
709.163	2590.06
710.346	2603.98
711.528	2564.41
712.709	2519.33
713.892	2520.76
715.073	2546.18
716.253	2556.11
717.434	2565.53
718.616	2549.46
719.796	2545.89
720.976	2492.81
722.156	2515.99
723.336	2519.66
724.517	2484.59
725.696	2458.01
726.875	2486.44
728.054	2414.86
729.233	2432.79
730.412	2457.71
731.592	2459.14
732.77	2452.56
733.948	2419.49
735.126	2428.42
736.303	2347.34
737.481	2414.27
738.658	2369.19
739.835	2338.12
741.012	2394.04
742.191	2374.97
743.367	2351.89
744.544	2373.82
745.72	2375.24
746.896	2337.67
748.072	2314.6
749.247	2271.52
750.423	2289.45
751.598	2270.37
752.773	2235.3
753.948	2270.72
755.123	2288.15
756.297	2260.07
757.472	2269
758.646	2245.92
759.82	2178.85
760.994	2230.78
762.166	2229.7
763.34	2257.13
764.513	2184.55
765.686	2241.98
766.859	2194.4
768.032	2171.33
769.204	2223.25
770.377	2179.18
771.549	2209.1
772.719	2215.53
773.891	2239.96
775.063	2197.38
776.234	2221.31
777.406	2160.73
778.577	2229.16
779.746	2179.58
780.917	2223.01
782.088	2202.43
783.258	2181.36
784.427	2193.28
785.597	2217.21
786.767	2207.14
787.936	2209.06
789.104	2175.99
790.273	2173.91
791.443	2210.84
792.612	2201.76
793.779	2227.69
794.947	2216.61
796.116	2170.54
797.283	2178.46
798.451	2195.89
799.618	2156.31
800.785	2217.24
801.952	2224.67
803.119	2177.59
804.285	2183.02
805.452	2196.94
806.617	2166.87
807.784	2187.79
808.95	2111.72
810.115	2165.64
811.281	2192.57
812.445	2134.49
813.611	2176.92
814.775	2155.85
815.94	2148.27
817.104	2147.2
818.269	2122.12
819.432	2143.05
820.597	2165.97
821.76	2130.9
822.924	2182.82
824.087	2140.75
825.251	2104.17
826.413	2151.6
827.576	2118.03
828.738	2143.95
829.901	2090.38
831.063	2155.3
832.224	2145.73
833.387	2128.15
834.548	2082.58
835.71	2099.5
836.871	2069.43
838.031	2129.35
839.193	2121.78
840.353	2069.71
841.513	2138.13
842.674	2089.06
843.834	2092.48
844.993	2104.91
846.154	2093.33
847.313	2075.76
848.472	2120.18
849.632	2073.11
850.79	2077.03
851.948	2009.96
853.107	2046.88
854.266	2032.31
855.424	2070.24
856.581	2106.16
857.739	2074.59
858.896	2079.01
860.054	2049.94
861.211	2063.36
862.368	2076.79
863.524	2068.21
864.681	2096.64
865.838	2065.56
866.994	2071.99
868.15	2068.42
869.306	2085.84
870.461	2062.77
871.616	2080.19
872.772	2061.62
873.927	2094.04
875.083	2113.97
876.237	2052.39
877.392	2031.82
878.546	2083.24
879.7	2079.17
880.854	2091.6
882.007	2080.02
883.161	2057.95
884.314	2074.87
885.467	2076.3
886.62	2026.72
887.773	2080.15
888.925	2116.57
890.078	2078.5
891.23	2086.92
892.382	2107.85
893.534	2079.28
894.686	2101.2
895.837	2125.13
896.989	2067.05
898.14	2049.98
899.289	2045.9
900.44	2133.83
901.591	2085.25
902.741	2081.68
903.892	2062.6
905.042	2106.03
906.192	2057.45
907.341	2093.38
908.49	2067.31
909.639	2066.23
910.788	2104.66
911.937	2059.08
913.086	2035.51
914.234	2049.43
915.382	2089.86
916.53	2039.78
917.679	2063.71
918.825	2025.63
919.973	2071.56
921.121	2024.49
922.268	2065.91
923.414	2031.84
924.561	2035.76
925.708	1988.19
926.855	2042.11
928	2043.04
929.146	2005.96
930.292	2015.39
931.437	2019.81
932.583	2014.24
933.727	2015.67
934.873	2010.59
936.018	1974.52
937.162	1973.44
938.307	2030.37
939.452	1963.29
940.595	1984.22
941.739	1947.14
942.882	2006.57
944.026	1950.99
945.169	1957.92
946.313	2003.35
947.455	2029.77
948.598	1989.7
949.74	1990.12
950.883	2009.05
952.026	2034.47
953.167	2013.4
954.309	1940.82
955.451	2020.75
956.592	2022.17
957.734	1995.6
958.874	1956.03
960.016	1978.95
961.156	1977.38
962.297	2039.8
963.437	1936.23
964.577	1985.65
965.717	2014.08
966.857	1971.5
967.997	2005.43
969.136	1974.35
970.275	2010.28
971.414	2026.7
972.553	1993.13
973.691	2013.06
974.83	1986.98
975.968	2002.41
977.106	1996.83
978.243	1980.76
979.382	1978.18
980.519	1973.11
981.656	1965.53
982.794	2024.96
983.931	1979.38
985.067	1988.81
986.204	1950.24
987.34	1948.66
988.477	1964.09
989.613	1958.01
990.748	1971.44
991.884	1974.86
993.019	1969.79
994.155	1974.21
995.29	1948.14
996.425	1964.06
997.559	1975.99
998.694	1945.42
999.828	1987.84
1000.96	1929.27
1002.1	1950.69
1003.23	1961.12
1004.36	1885.04
1005.5	1962.97
1006.63	1967.39
1007.76	1939.32
1008.9	1934.74
1010.03	1942.67
1011.16	1953.6
1012.29	1972.52
1013.43	1959.95
1014.56	1936.87
1015.69	1941.8
1016.82	1959.72
1017.95	1931.65
1019.08	1946.57
1020.21	1968
1021.35	1932.92
1022.48	1921.35
1023.61	1957.77
1024.74	1913.2
1025.87	1951.63
1027	1920.55
1028.13	1928.98
1029.26	1885.4
1030.39	1924.83
1031.51	1923.75
1032.64	1904.18
1033.77	1857.1
1034.9	1943.03
1036.03	1917.95
1037.16	1950.88
1038.29	1955.31
1039.41	1942.73
1040.54	1897.66
1041.67	1961.58
1042.8	1973.01
1043.92	1938.43
1045.05	1866.36
1046.18	1929.28
1047.3	1934.21
1048.43	1920.13
1049.56	1922.06
1050.68	1907.99
1051.81	1943.41
1052.93	1962.34
1054.06	1977.26
1055.18	1980.19
1056.31	1943.61
1057.43	1921.54
1058.56	1901.46
1059.68	1933.39
1060.81	1920.31
1061.93	1926.24
1063.06	1924.17
1064.18	1956.09
1065.3	1976.52
1066.43	1973.94
1067.55	1942.37
1068.67	1961.79
1069.8	1942.22
1070.92	1934.14
1072.04	1967.07
1073.16	1940.49
1074.29	2013.42
1075.41	1968.84
1076.53	1963.27
1077.65	1940.7
1078.77	1909.12
1079.89	1945.55
1081.01	1939.47
1082.13	1941.9
1083.26	1911.82
1084.38	1954.25
1085.5	1920.67
1086.62	1923.1
1087.74	1933.52
1088.86	1965.45
1089.98	1894.38
1091.1	1934.8
1092.21	1929.23
1093.33	1958.15
1094.45	1942.08
1095.57	1885.5
1096.69	1942.93
1097.81	1928.85
1098.93	1908.78
1100.04	1891.7
1101.16	1944.63
1102.28	1923.56
1103.4	1931.98
1104.51	1934.91
1105.63	1983.33
1106.75	1935.26
1107.86	1920.18
1108.98	1935.61
1110.1	1895.03
1111.21	1910.96
1112.33	1953.38
1113.45	1904.81
1114.56	1913.74
1115.68	1959.16
1116.79	1953.59
1117.91	1966.51
1119.02	1972.44
1120.14	1960.86
1121.25	1967.29
1122.36	1976.21
1123.48	1997.64
1124.59	2006.06
1125.71	1992.99
1126.82	1991.92
1127.93	1956.84
1129.05	1969.77
1130.16	1972.69
1131.27	1983.12
1132.39	1948.54
1133.5	2011.47
1134.61	1992.89
1135.72	1983.82
1136.83	1993.74
1137.95	2034.67
1139.06	1977.09
1140.17	2014.52
1141.28	2015.45
1142.39	2023.87
1143.5	2022.8
1144.61	1977.72
1145.72	2020.65
1146.83	2010.57
1147.95	2040
1149.05	1963.42
1150.16	2047.35
1151.27	2033.27
1152.38	2016.2
1153.49	2041.63
1154.6	2058.05
1155.71	2022.48
1156.82	2044.9
1157.93	2079.33
1159.04	2017.25
1160.14	2007.68
1161.25	2032.1
1162.36	2012.03
1163.47	1993.45
1164.58	2022.38
1165.68	1986.81
1166.79	2018.23
1167.9	2072.66
1169	2040.58
1170.11	2012.01
1171.22	2011.43
1172.32	1974.36
1173.43	1993.28
1174.53	1970.21
1175.64	2016.13
1176.75	1976.56
1177.85	1963.99
1178.96	2006.41
1180.06	1952.84
1181.17	1983.76
1182.27	1977.19
1183.37	1937.61
1184.48	1977.04
1185.58	1955.46
1186.69	1950.39
1187.79	1952.81
1188.89	1957.74
1190	1898.16
1191.1	1874.59
1192.2	1947.02
1193.31	1905.44
1194.41	1939.87
1195.51	1906.29
1196.61	1909.22
1197.71	1896.64
1198.82	1910.07
1199.92	1840.99
1201.02	1915.92
1202.12	1842.34
1203.22	1834.77
1204.32	1839.2
1205.42	1819.62
1206.53	1838.05
1207.63	1875.47
1208.73	1819.4
1209.83	1801.82
1210.93	1809.25
1212.03	1783.17
1213.13	1792.1
1214.22	1822.52
1215.32	1870.45
1216.42	1837.88
1217.52	1795.8
1218.62	1803.23
1219.72	1814.65
1220.82	1773.58
1221.92	1799.5
1223.01	1803.43
1224.11	1802.35
1225.21	1799.28
1226.31	1775.7
1227.4	1780.63
1228.5	1770.56
1229.6	1738.98
1230.69	1742.41
1231.79	1786.83
1232.89	1764.26
1233.98	1781.18
1235.08	1770.61
1236.18	1769.53
1237.27	1773.46
1238.37	1738.38
1239.46	1731.81
1240.56	1744.23
1241.65	1723.16
1242.75	1736.09
1243.84	1767.01
1244.94	1753.44
1246.03	1732.86
1247.12	1748.79
1248.22	1740.71
1249.31	1731.64
1250.41	1763.56
1251.5	1752.49
1252.59	1751.91
1253.68	1730.34
1254.78	1731.27
1255.87	1719.19
1256.96	1710.62
1258.06	1756.04
1259.15	1746.47
1260.24	1701.89
1261.33	1706.82
1262.42	1712.74
1263.51	1685.67
1264.6	1661.59
1265.7	1651.52
1266.79	1685.45
1267.88	1701.37
1268.97	1672.3
1270.06	1674.22
1271.15	1701.15
1272.24	1644.07
1273.33	1683
1274.42	1666.92
1275.51	1661.85
1276.6	1643.77
1277.69	1654.7
1278.78	1679.13
1279.86	1657.05
1280.95	1658.48
1282.04	1632.9
1283.13	1600.33
1284.22	1640.72
1285.3	1620.01
1286.39	1628.01
1287.48	1636.75
1288.57	1622.95
1289.66	1628.88
1290.74	1605.7
1291.83	1612
1292.92	1599.42
1294	1613.3
1295.09	1579.97
1296.17	1595.74
1297.26	1621.99
1298.35	1599.5
1299.43	1548.87
1300.52	1548.69
1301.6	1566.43
1302.69	1575.87
1303.77	1553.24
1304.86	1550.56
1305.94	1555.15
1307.03	1574.03
1308.11	1542.5
1309.19	1553.83
1310.28	1540.02
1311.36	1522.3
1312.45	1520.6
1313.53	1535.6
1314.61	1508.48
1315.7	1531.16
1316.78	1503.8
1317.86	1523.41
1318.94	1516.45
1320.03	1531.29
1321.11	1535.33
1322.19	1513.13
1323.27	1542.07
1324.35	1514.27
1325.43	1533.2
1326.52	1540.71
1327.6	1521.79
1328.68	1528.3
1329.76	1509.54
1330.84	1510.2
1331.92	1501.92
1333	1509.88
1334.08	1523.68
1335.16	1508.14
1336.24	1502.79
1337.32	1497.7
1338.4	1502.36
1339.48	1488.61
1340.56	1504.15
1341.64	1512.36
1342.71	1520.5
1343.79	1517.91
1344.87	1493.78
1345.95	1486.75
1347.03	1506.14
1348.1	1493.86
1349.18	1489.35
1350.26	1501.47
1351.34	1495.79
1352.41	1491.62
1353.49	1513.19
1354.57	1500.6
1355.64	1505.57
1356.72	1517.39
1357.8	1498.66
1358.87	1503.71
1359.95	1497.01
1361.02	1503.44
1362.1	1496.51
1363.17	1506.75
1364.25	1506.25
1365.32	1472.49
1366.4	1481.83
1367.47	1470.59
1368.55	1482.33
1369.62	1517.98
1370.7	1498.25
1371.77	1505.87
1372.85	1492.8
1373.92	1489.58
1374.99	1493.57
1376.07	1507.01
1377.14	1482.33
1378.21	1475.82
1379.28	1484.75
1380.36	1480.97
1381.43	1487.94
1382.5	1457.61
1383.57	1476.28
1384.65	1482.69
1385.72	1487.28
1386.79	1453.46
1387.86	1461.87
1388.93	1468.72
1390	1488.95
1391.07	1464.51
1391.98	1443.56
1393.05	1420.59
1394.13	1452.61
1395.2	1434.64
1396.28	1462.17
1397.35	1474.2
1398.43	1439.73
1399.51	1474.25
1400.58	1401.28
1401.65	1445.31
1402.73	1409.84
1403.8	1448.87
1404.88	1427.89
1405.95	1444.42
1407.02	1425.95
1408.1	1440.48
1409.17	1452.51
1410.25	1434.03
1411.32	1420.06
1412.39	1448.09
1413.46	1383.12
1414.54	1411.15
1415.61	1443.17
1416.68	1396.2
1417.75	1414.23
1418.83	1399.26
1419.9	1391.29
1420.97	1413.31
1422.04	1407.34
1423.11	1422.37
1424.18	1412.9
1425.25	1405.93
1426.32	1374.45
1427.39	1426.98
1428.47	1416.01
1429.53	1372.54
1430.6	1403.57
1431.67	1414.59
1432.74	1365.62
1433.81	1411.65
1434.88	1429.68
1435.95	1437.71
1437.02	1397.23
1438.09	1387.76
1439.16	1390.79
1440.23	1437.82
1441.3	1418.85
1442.36	1437.87
1443.43	1404.9
1444.5	1400.43
1445.57	1388.46
1446.64	1395.49
1447.7	1430.01
1448.77	1403.54
1449.84	1391.07
1450.9	1410.1
1451.97	1390.63
1453.04	1406.15
1454.1	1407.18
1455.17	1402.21
1456.23	1389.24
1457.3	1424.27
1458.37	1397.29
1459.43	1408.82
1460.5	1381.85
1461.56	1375.38
1462.63	1407.4
1463.69	1373.43
1464.76	1399.46
1465.82	1409.99
1466.89	1393.02
1467.95	1421.05
1469.01	1390.57
1470.08	1376.1
1471.14	1384.63
1472.2	1400.16
1473.27	1395.68
1474.33	1397.71
1475.39	1377.74
1476.46	1363.27
1477.52	1362.3
1478.58	1374.32
1479.64	1369.85
1480.71	1354.38
1481.77	1403.41
1482.83	1358.44
1483.89	1394.46
1484.95	1325.99
1486.01	1367.02
1487.07	1384.55
1488.14	1352.08
1489.2	1389.1
1490.26	1369.13
1491.32	1365.16
1492.38	1335.19
1493.44	1336.22
1494.5	1360.24
1495.56	1377.77
1496.62	1337.3
1497.68	1348.33
1498.74	1317.36
1499.79	1365.38
1500.85	1361.41
1501.91	1320.44
1502.97	1364.47
1504.03	1341.5
1505.09	1344.52
1506.15	1340.05
1507.2	1344.08
1508.26	1338.61
1509.32	1378.14
1510.38	1375.16
1511.43	1388.19
1512.49	1347.22
1513.55	1383.75
1514.6	1355.78
1515.66	1321.8
1516.72	1379.33
1517.77	1343.36
1518.83	1324.89
1519.89	1375.42
1520.94	1350.44
1522	1362.47
1523.05	1330.5
1524.11	1309.03
1525.16	1376.06
1526.22	1361.58
1527.27	1374.11
1528.33	1356.64
1529.38	1351.17
1530.44	1380.2
1531.49	1365.22
1532.54	1370.25
1533.6	1336.78
1534.65	1356.31
1535.7	1364.84
1536.76	1365.36
1537.81	1318.89
1538.86	1361.42
1539.92	1343.45
1540.97	1330.48
1542.02	1339.5
1543.07	1340.53
1544.13	1331.56
1545.18	1370.59
1546.23	1348.62
1547.28	1360.64
1548.33	1325.67
1549.38	1338.7
1550.44	1352.23
1551.49	1351.26
1552.54	1352.28
1553.59	1364.81
1554.64	1353.84
1555.69	1297.87
1556.74	1367.4
1557.79	1363.92
1558.84	1328.95
1559.89	1389.48
1560.94	1350.51
1561.99	1364.04
1563.04	1369.06
1564.08	1360.09
1565.13	1326.12
1566.18	1332.65
1567.23	1355.68
1568.28	1347.2
1569.33	1354.73
1570.37	1361.76
1571.42	1361.29
1572.47	1335.31
1573.52	1364.34
1574.57	1308.87
1575.61	1363.4
1576.66	1319.93
1577.71	1360.45
1578.75	1316.98
1579.8	1345.51
1580.85	1341.04
1581.89	1331.57
1582.94	1325.59
1583.98	1333.12
1585.03	1323.65
1586.08	1343.68
1587.12	1360.71
1588.17	1302.73
1589.21	1325.76
1590.26	1288.79
1591.3	1310.82
1592.35	1294.85
1593.39	1293.87
1594.43	1352.4
1595.48	1317.93
1596.52	1352.96
1597.57	1299.99
1598.61	1318.01
1599.65	1309.54
1600.69	1318.07
1601.74	1327.1
1602.78	1297.13
1603.82	1295.15
1604.87	1307.18
1605.91	1358.21
1606.95	1334.24
1607.99	1322.27
1609.03	1344.79
1610.08	1340.82
1611.12	1313.35
1612.16	1344.88
1613.2	1301.41
1614.24	1339.43
1615.28	1332.46
1616.32	1320.49
1617.36	1320.52
1618.4	1331.05
1619.44	1285.57
1620.49	1330.1
1621.52	1314.63
1622.56	1328.66
1623.6	1348.69
1624.64	1296.71
1625.68	1340.24
1626.72	1303.27
1627.76	1297.8
1628.8	1315.33
1629.84	1318.85
1630.88	1289.88
1631.92	1296.91
1632.95	1289.94
1633.99	1305.47
1635.03	1293.49
1636.07	1335.02
1637.1	1327.05
1638.14	1304.08
1639.18	1297.61
1640.22	1313.13
1641.25	1320.66
1642.29	1366.19
1643.33	1324.72
1644.36	1351.75
1645.4	1332.27
1646.44	1292.3
1647.47	1321.83
1648.51	1290.86
1649.54	1313.39
1650.58	1295.41
1651.61	1304.44
1652.65	1279.47
1653.68	1349
1654.72	1290.53
1655.75	1290.55
1656.79	1297.58
1657.82	1266.11
1658.85	1322.64
1659.89	1309.67
1660.92	1315.19
1661.96	1315.72
1662.99	1307.25
1664.02	1344.78
1665.06	1289.8
1666.09	1304.83
1667.12	1297.86
1668.15	1301.89
1669.19	1302.92
1670.22	1288.44
1671.25	1331.47
1672.28	1301.5
1673.32	1313.53
1674.35	1260.06
1675.38	1283.08
1676.41	1297.11
1677.44	1329.64
1678.47	1285.17
1679.5	1303.7
1680.53	1306.72
1681.56	1301.75
1682.59	1277.28
1683.62	1261.31
1684.65	1276.34
1685.68	1282.36
1686.71	1289.39
1687.74	1301.92
1688.77	1322.95
1689.8	1283.48
1690.83	1286.5
1691.86	1321.53
1692.89	1293.56
1693.92	1282.09
1694.95	1281.62
1695.97	1320.14
1697	1282.67
1698.03	1291.7
1699.06	1289.73
1700.09	1285.76
1701.11	1276.78
1702.14	1297.81
1703.17	1302.34
1704.2	1286.87
1705.22	1260.9
1706.25	1260.92
1707.28	1233.95
1708.3	1279.98
1709.33	1294.01
1710.35	1276.04
1711.38	1268.06
1712.41	1271.09
1713.43	1289.12
1714.46	1313.15
1715.48	1284.68
1716.51	1253.2
1717.53	1288.23
1718.56	1248.76
1719.58	1275.79
1720.61	1248.32
1721.63	1334.84
1722.65	1288.87
1723.68	1257.4
1724.7	1278.93
1725.73	1249.46
1726.75	1256.48
1727.77	1276.01
1728.8	1265.04
1729.82	1264.57
1730.84	1309.6
1731.86	1263.62
1732.89	1267.65
1733.91	1263.68
1734.93	1265.21
1735.95	1264.74
1736.98	1262.76
1738	1260.79
1739.02	1298.82
1740.04	1270.35
1741.06	1255.88
1742.08	1292.4
1743.1	1262.93
1744.13	1276.96
1745.15	1289.49
1746.17	1257.02
1747.19	1266.04
1748.21	1270.07
1749.23	1278.1
1750.25	1279.13
1751.27	1268.16
1752.29	1267.68
1753.3	1280.21
1754.32	1279.74
1755.34	1287.77
1756.36	1280.3
1757.38	1265.32
1758.4	1239.35
1759.42	1272.38
1760.44	1249.41
1761.45	1261.44
1762.47	1211.96
1763.49	1269.49
1764.51	1283.02
1765.53	1258.55
1766.54	1253.58
1767.56	1254.6
1768.58	1294.63
1769.59	1278.66
1770.61	1246.69
1771.63	1252.21
1772.64	1238.74
1773.66	1251.77
1774.67	1250.3
1775.69	1262.83
1776.71	1222.35
1777.72	1296.88
1778.74	1257.41
1779.75	1245.94
1780.77	1264.97
1781.78	1239.99
1782.8	1250.52
1783.81	1250.05
1784.83	1254.08
1785.84	1264.11
1786.86	1250.13
1787.87	1236.66
1788.88	1221.19
1789.9	1239.72
1790.91	1262.25
1791.92	1233.77
1792.94	1262.3
1793.95	1245.83
1794.96	1263.36
1795.98	1217.39
1796.99	1202.41
1798	1257.94
1799.01	1259.97
1800.02	1247.5
1801.04	1251.53
1802.05	1259.55
1803.06	1245.08
1804.07	1254.61
1805.08	1226.64
1806.09	1261.17
1807.11	1263.69
1808.12	1260.72
1809.13	1243.25
1810.14	1232.78
1811.15	1257.81
1812.16	1245.83
1813.17	1267.36
1814.18	1219.89
1815.19	1206.92
1816.2	1238.95
1817.21	1235.97
1818.22	1277
1819.23	1268.53
1820.23	1296.06
1821.24	1245.09
1822.25	1283.11
1823.26	1276.14
1824.27	1248.67
1825.28	1281.7
1826.28	1249.23
1827.29	1259.75
1828.3	1266.78
1829.31	1293.31
1830.32	1264.34
1831.32	1282.37
1832.33	1254.39
1833.34	1232.42
1834.34	1265.95
1835.35	1255.98
1836.36	1266.51
1837.36	1280.53
1838.37	1253.06
1839.38	1285.09
1840.38	1224.12
1841.39	1247.65
1842.39	1262.17
1843.4	1303.2
1844.4	1266.23
1845.41	1294.26
1846.41	1258.79
1847.42	1224.81
1848.42	1268.84
1849.43	1243.37
1850.43	1247.9
1851.44	1262.93
1852.44	1245.95
1853.44	1275.98
1854.45	1281.51
1855.45	1284.04
1856.45	1284.07
1857.46	1287.59
1858.46	1229.12
1859.46	1256.15
1860.47	1252.18
1861.47	1229.21
1862.47	1278.23
1863.47	1248.76
1864.47	1236.29
1865.48	1271.82
1866.48	1276.34
1867.48	1227.37
1868.48	1247.4
1869.48	1258.43
1870.48	1289.46
1871.49	1248.48
1872.49	1219.51
1873.49	1241.54
1874.49	1262.57
1875.49	1241.6
1876.49	1236.12
1877.49	1226.65
1878.49	1235.18
1879.49	1233.21
1880.49	1228.24
1881.49	1271.26
1882.49	1233.29
1883.49	1212.82
1884.49	1216.85
1885.48	1173.88
1886.48	1207.9
1887.48	1207.93
1888.48	1240.96
1889.48	1212.99
1890.48	1220.02
1891.47	1196.54
1892.47	1223.07
1893.47	1236.6
1894.47	1215.63
1895.46	1199.16
1896.46	1220.68
1897.46	1205.21
1898.46	1200.24
1899.45	1215.27
1900.45	1185.3
1901.44	1162.32
1902.44	1167.35
1903.44	1184.88
1904.43	1189.41
1905.43	1193.94
1906.42	1208.96
1907.42	1195.99
1908.42	1230.02
1909.41	1219.55
1910.41	1245.58
1911.4	1190.6
1912.4	1189.63
1913.39	1200.66
1914.39	1190.19
1915.38	1186.72
1916.37	1193.24
1917.37	1183.77
1918.36	1182.8
1919.35	1195.83
1920.35	1173.86
1921.34	1211.38
1922.33	1198.41
1923.33	1194.94
1924.32	1196.97
1925.31	1201
1926.31	1177.52
1927.3	1182.05
1928.29	1205.08
1929.28	1201.11
1930.27	1199.64
1931.27	1230.66
1932.26	1230.19
1933.25	1174.22
1934.24	1198.25
1935.23	1185.28
1936.22	1192.8
1937.21	1189.83
1938.21	1188.36
1939.2	1216.89
1940.19	1210.92
1941.18	1198.94
1942.17	1218.97
1943.16	1194.5
1944.15	1219.03
1945.14	1227.56
1946.13	1238.08
1947.11	1238.11
1948.1	1212.64
1949.09	1220.67
1950.08	1239.7
1951.07	1218.22
1952.06	1233.25
1953.05	1188.28
1954.04	1247.31
1955.02	1199.84
1956.01	1226.86
1957	1230.39
1957.99	1206.92
1958.98	1184.45
1959.96	1191.98
1960.95	1249.5
1961.94	1208.03
1962.92	1202.56
1963.91	1220.59
1964.9	1215.11
1965.88	1241.64
1966.87	1221.17
1967.86	1224.7
1968.84	1210.23
1969.83	1200.25
1970.81	1236.28
1971.8	1192.31
1972.79	1238.34
1973.77	1242.37
1974.76	1220.39
1975.74	1206.42
1976.72	1229.95
1977.71	1218.98
1978.69	1154.51
1979.68	1182.53
1980.66	1224.56
1981.65	1208.59
1982.63	1187.62
1983.62	1243.15
1984.6	1218.67
1985.58	1159.7
1986.56	1207.23
1987.55	1216.26
1988.53	1205.79
1989.51	1213.31
1990.5	1228.84
1991.48	1208.37
1992.46	1188.9
1993.44	1196.93
1994.43	1208.95
1995.41	1218.98
1996.39	1207.51
1997.37	1186.54
1998.35	1192.07
1999.33	1195.59
2000.32	1182.62
2001.3	1170.15
2002.28	1162.18
2003.26	1189.21
2004.24	1210.23
2005.22	1179.26
2006.2	1187.29
2007.18	1165.32
2008.16	1163.35
2009.14	1176.37
2010.12	1182.4
2011.1	1163.43
2012.08	1161.46
2013.06	1182.49
2014.04	1145.51
2015.02	1142.04
2015.99	1182.57
2016.97	1165.6
2017.95	1176.63
2018.93	1173.15
2019.91	1182.68
2020.89	1159.71
2021.86	1146.74
2022.84	1163.27
2023.82	1196.29
2024.8	1181.32
2025.77	1129.85
2026.75	1146.88
2027.73	1168.91
2028.7	1121.43
2029.68	1153.46
2030.66	1163.49
2031.63	1171.52
2032.61	1163.55
2033.59	1143.07
2034.56	1162.1
2035.54	1167.63
2036.51	1129.16
2037.49	1173.69
2038.46	1157.21
2039.44	1142.74
2040.42	1138.27
2041.39	1150.8
2042.37	1152.33
2043.34	1110.35
2044.31	1164.88
2045.29	1155.41
2046.26	1186.94
2047.24	1161.47
2048.21	1178.49
2049.18	1189.52
2050.16	1153.55
2051.13	1120.58
2052.1	1131.61
2053.08	1154.13
2054.05	1181.16
2055.02	1187.19
2056	1157.72
2056.97	1190.75
2057.94	1153.77
2058.91	1184.8
2059.89	1161.83
2060.86	1176.36
2061.83	1173.89
2062.8	1181.41
2063.77	1197.94
2064.74	1195.47
2065.72	1162
2066.69	1191.53
2067.66	1109.05
2068.63	1164.58
2069.6	1161.11
2070.57	1191.64
2071.54	1166.16
2072.51	1141.69
2073.48	1183.22
2074.45	1177.75
2075.42	1185.28
2076.39	1193.8
2077.36	1180.83
2078.33	1146.36
2079.3	1175.39
2080.26	1184.92
2081.23	1169.44
2082.2	1165.47
2083.17	1202.5
2084.14	1190.53
2085.11	1185.56
2086.08	1166.58
2087.04	1178.61
2088.01	1169.64
2088.98	1163.67
2089.95	1177.7
2090.91	1196.72
2091.88	1159.25
2092.85	1186.78
2093.81	1187.31
2094.78	1161.84
2095.75	1183.86
2096.71	1135.89
2097.68	1171.42
2098.65	1159.95
2099.61	1183.98
2100.58	1184
2101.54	1151.53
2102.51	1145.06
2103.48	1183.09
2104.44	1141.12
2105.41	1177.14
2106.37	1172.17
2107.34	1163.2
2108.3	1163.73
2109.26	1156.76
2110.23	1149.28
2111.19	1149.31
2112.16	1157.34
2113.12	1159.87
2114.09	1134.4
2115.05	1152.42
2116.01	1140.45
2116.98	1145.48
2117.94	1143.51
2118.9	1173.54
2119.86	1150.56
2120.83	1114.59
2121.79	1124.62
2122.75	1132.15
2123.72	1138.68
2124.68	1124.7
2125.64	1150.73
2126.6	1162.26
2127.56	1115.79
2128.53	1146.32
2129.49	1135.34
2130.45	1134.87
2131.41	1148.4
2132.37	1130.93
2133.33	1114.96
2134.29	1107.98
2135.25	1120.01
2136.21	1103.54
2137.17	1113.57
2138.13	1110.1
2139.09	1098.62
2140.05	1129.65
2141.01	1117.18
2141.97	1085.21
2142.93	1139.24
2143.89	1094.26
2144.85	1136.29
2145.81	1122.82
2146.77	1132.85
2147.73	1149.38
2148.68	1121.9
2149.64	1098.43
2150.6	1134.46
2151.56	1117.49
2152.52	1134.52
2153.48	1138.54
2154.43	1116.07
2155.39	1116.1
2156.35	1116.13
2157.3	1145.66
2158.26	1132.68
2159.22	1110.71
2160.17	1131.74
2161.13	1094.77
2162.09	1099.79
2163.04	1142.82
2164	1094.85
2164.96	1128.88
2165.91	1146.91
2166.87	1110.43
2167.82	1135.46
2168.78	1106.99
2169.73	1122.02
2170.69	1124.05
2171.65	1088.07
2172.6	1086.1
2173.56	1142.63
2174.51	1118.66
2175.46	1116.19
2176.42	1122.21
2177.37	1156.24
2178.33	1133.27
2179.28	1141.3
2180.23	1138.33
2181.19	1139.85
2182.14	1125.38
2183.09	1133.91
2184.05	1113.94
2185	1121.47
2185.95	1107.49
2186.91	1126.02
2187.86	1154.55
2188.81	1113.58
2189.76	1131.61
2190.72	1139.13
2191.67	1158.16
2192.62	1140.69
2193.57	1121.22
2194.52	1145.75
2195.47	1101.77
2196.43	1061.8
2197.38	1106.83
2198.33	1089.86
2199.28	1107.89
2200.23	1074.91
2201.18	1119.44
2202.13	1104.97
2203.08	1121
2204.03	1122.03
2204.98	1096.05
2205.93	1071.08
2206.88	1116.11
2207.83	1099.14
2208.78	1109.17
2209.73	1101.19
2210.68	1121.72
2211.63	1107.75
2212.57	1110.28
2213.52	1119.81
2214.47	1092.33
2215.42	1070.36
2216.37	1076.39
2217.32	1067.42
2218.26	1116.95
2219.21	1117.47
2220.16	1065.5
2221.11	1101.53
2222.05	1080.06
2223	1093.51
2223.95	1087.97
2224.9	1074.2
2225.84	1058.25
2226.79	1100.02
2227.74	1038.26
2228.68	1065.46
2229.63	1084.64
2230.58	1088.23
2231.52	1063
2232.47	1109.02
2233.41	1090.27
2234.36	1076.37
2235.3	1085.9
2236.25	1057.94
2237.19	1083.85
2238.14	1068.43
2239.08	1066.74
2240.03	1087.67
2240.97	1073.38
2241.92	1073.74
2242.86	1050.54
2243.81	1084.51
2244.75	1061.79
2245.69	1077.18
2246.64	1060.9
2247.58	1082.35
2248.52	1041.69
2249.47	1081.11
2250.41	1073.06
2251.35	1091.21
2252.3	1064.51
2253.24	1070.94
2254.18	1064.41
2255.12	1075.29
2256.07	1085.09
2257.01	1075.61
2257.95	1060.12
2258.89	1082.71
2259.83	1075.76
2260.77	1078.92
2261.72	1070.7
2262.66	1051.41
2263.6	1081.9
2264.54	1085.26
2265.48	1089.97
2266.42	1079.4
2267.36	1074.65
2268.3	1074.96
2269.24	1093.34
2270.18	1063.16
2271.12	1071.4
2272.06	1061.97
2273	1066.08
2273.94	1055.86
2274.88	1087.99
2275.82	1055.1
2276.76	1083.9
2277.7	1061.51
2278.64	1054.1
2279.57	1073.19
2280.51	1087.61
2281.45	1077.5
2282.39	1086.5
2283.33	1074.34
2284.27	1062.55
2285.2	1088.14
2286.14	1077.16
2287.08	1087.79
2288.02	1084.14
2288.95	1086.14
2289.89	1082.73
2290.83	1083.65
2291.77	1110.39
2292.7	1070.25
2293.64	1086.51
2294.57	1080.48
2295.51	1090.6
2296.45	1083.57
2297.38	1085.51
2298.32	1099.29
2299.25	1066.53
2300.19	1092.59
2301.13	1077.01
2302.06	1099.82
2303	1108.83
2303.93	1083.97
2304.87	1079.03
2305.8	1095.27
2306.74	1101.37
2307.67	1092.05
2308.6	1100.41
2309.54	1115.98
2310.47	1069.64
2311.41	1109.39
2312.34	1088.38
2313.27	1098.5
2314.21	1096.08
2315.14	1075.07
2316.07	1114.77
2317.01	1076.12
2317.94	1095.11
2318.88	1104.67
2319.81	1109.7
2320.75	1092.73
2321.69	1089.76
2322.63	1093.29
2323.56	1098.82
2324.5	1112.85
2325.44	1096.88
2326.37	1104.41
2327.31	1098.94
2328.25	1084.97
2329.18	1094
2330.12	1088.53
2331.05	1100.06
2331.99	1122.09
2332.93	1084.12
2333.86	1083.15
2334.8	1079.68
2335.73	1073.22
2336.67	1094.25
2337.6	1085.28
2338.54	1034.31
2339.47	1093.34
2340.41	1086.87
2341.34	1075.9
2342.27	1107.43
2343.21	1060.46
2344.14	1065.49
2345.08	1103.02
2346.01	1086.05
2346.94	1070.58
2347.88	1072.61
2348.81	1077.64
2349.74	1095.17
2350.68	1075.2
2351.61	1097.73
2352.54	1095.76
2353.47	1079.79
2354.41	1077.82
2355.34	1045.85
2356.27	1096.38
2357.2	1082.41
2358.13	1098.45
2359.07	1097.48
2360	1097.51
2360.93	1082.04
2361.86	1040.07
2362.79	1090.6
2363.72	1041.13
2364.65	1032.16
2365.58	1081.69
2366.51	1093.22
2367.44	1077.25
2368.38	1066.28
2369.31	1059.31
2370.24	1084.34
2371.17	1035.37
2372.1	1088.9
2373.02	1086.43
2373.95	1101.46
2374.88	1082.49
2375.81	1043.52
2376.74	1063.05
2377.67	1058.58
2378.6	1072.61
2379.53	1082.14
2380.46	1008.68
2381.39	1051.71
2382.31	1077.74
2383.24	1023.27
2384.17	1048.8
2385.1	1071.83
2386.03	1059.36
2386.95	1058.39
2387.88	1051.92
2388.81	1039.45
2389.74	1067.98
2390.66	1036.51
2391.59	1085.04
2392.52	1088.07
2393.44	1054.1
2394.37	1024.13
2395.3	1054.66
2396.22	1049.69
2397.15	1057.72
2398.07	1075.25
2399	1088.28
2399.92	1067.81
2400.85	1093.34
2401.78	1091.37
2402.7	1034.41
2403.63	1051.94
2404.55	1045.47
2405.48	1046.5
2406.4	1034.53
2407.33	1087.06
2408.25	1057.59
2409.17	1081.12
2410.1	1020.65
2411.02	1103.18
2411.95	1053.71
2412.87	1067.24
2413.79	1086.77
2414.72	1072.3
2415.64	1049.33
2416.56	1068.86
2417.49	1068.39
2418.41	1035.92
2419.33	1065.95
2420.26	1060.98
2421.18	1055.51
2422.1	1050.54
2423.02	1059.07
2423.94	1082.6
2424.87	1087.14
2425.79	1077.67
2426.71	1094.2
2427.63	1060.73
2428.55	1083.26
2429.47	1071.29
2430.4	1045.32
2431.32	1071.85
2432.24	1055.38
2433.16	1061.41
2434.08	1084.94
2435	1068.47
2435.92	1052.5
2436.84	1042.53
2437.76	1033.56
2438.68	1064.09
2439.6	1072.62
2440.52	1077.65
2441.44	1109.18
2442.36	1041.71
2443.28	1064.24
2444.2	1073.77
2445.11	1051.8
2446.03	1066.83
2446.95	1055.36
2447.87	1071.9
2448.79	1065.43
2449.71	1084.96
2450.63	1078.99
2451.54	1065.52
2452.46	1037.05
2453.38	1098.08
2454.3	1071.11
2455.21	1065.14
2456.13	1076.17
2457.05	1050.2
2457.97	1065.23
2458.88	1041.76
2459.8	1046.29
2460.72	1047.32
2461.63	1044.85
2462.55	1040.38
2463.47	1050.41
2464.38	1081.44
2465.3	1065.47
2466.21	1031
2467.13	1042.53
2468.04	1046.06
2468.96	1039.59
2469.88	1071.63
2470.79	1042.66
2471.71	1081.69
2472.62	1029.72
2473.53	1054.25
2474.45	1072.28
2475.36	1048.81
2476.28	1012.84
2477.19	1068.87
2478.11	1045.9
2479.02	1055.93
2479.93	1075.96
2480.85	1069.49
2481.76	1063.02
2482.68	1043.05
2483.59	1034.08
2484.5	1044.61
2485.42	1053.14
2486.33	1043.67
2487.24	1069.2
2488.15	1051.23
2489.07	1053.26
2489.98	1029.79
2490.89	1050.83
2491.8	1032.36
2492.71	1027.39
2493.63	1003.42
2494.54	1037.95
2495.45	1058.98
2496.36	1020.01
2497.27	1020.54
2498.18	1041.07
2499.09	1029.6
2500	1046.13
2500.92	1020.16
2501.83	1042.19
2502.74	1048.72
2503.65	1013.75
2504.56	1044.28
2505.47	1056.31
2506.38	1059.34
2507.29	1036.87
2508.2	1045.4
2509.11	1019.93
2510.02	1009.46
2510.92	1001.99
2511.83	1051.02
2512.74	1045.55
2513.65	1046.59
2514.56	1040.62
2515.47	1032.15
2516.38	1011.18
2517.29	1023.21
2518.19	1032.74
2519.1	1027.27
2520.01	991.298
2520.92	1019.83
2521.82	1013.86
2522.73	1023.89
2523.64	1001.42
2524.55	1037.45
2525.45	1007.98
2526.36	1023.51
2527.27	1030.04
2528.18	1024.57
2529.08	1010.6
2529.99	1036.13
2530.89	1001.66
2531.8	1024.69
2532.71	1014.72
2533.61	1023.75
2534.52	996.785
2535.42	1028.82
2536.33	1042.85
2537.23	1008.38
2538.14	1020.91
2539.04	1024.94
2539.95	1016.97
2540.85	1023
2541.76	1010.03
2542.66	1047.56
2543.57	1037.09
2544.47	1014.12
2545.38	1035.15
2546.28	1016.68
2547.18	1028.21
2548.09	1017.24
2548.99	1017.77
2549.9	1051.8
2550.8	978.332
2551.7	1009.36
2552.61	1022.39
2553.51	1007.42
2554.41	1021.45
2555.31	1035.48
2556.22	1027.51
2557.12	1003.55
2558.02	1023.58
2558.92	1014.11
2559.83	1022.14
2560.73	1024.67
2561.63	1045.2
2562.53	1020.23
2563.43	1007.76
2564.33	1014.79
2565.23	1022.82
2566.14	998.349
2567.04	1029.38
2567.94	1003.91
2568.84	1046.94
2569.74	1014.97
2570.64	1027
2571.54	1025.03
2572.44	1032.56
2573.34	1039.59
2574.24	1018.62
2575.14	1022.15
2576.04	1051.18
2576.94	982.214
2577.84	975.245
2578.74	1017.78
2579.64	995.306
2580.54	1044.34
2581.44	1025.37
2582.33	1029.9
2583.23	1020.43
2584.13	1010.46
2585.03	1024.99
2585.93	1023.52
2586.83	1001.55
2587.72	1033.58
2588.62	1023.61
2589.52	1015.64
2590.42	1009.67
2591.31	1032.7
2592.21	1015.23
2593.11	1022.26
2594.01	1022.79
2594.9	1014.32
2595.8	1007.35
2596.7	1022.88
2597.59	997.914
2598.49	1009.94
2599.38	1016.97
2600.28	1003.01
2601.18	991.036
2602.07	1024.07
2602.97	984.096
2603.86	1010.13
2604.76	1009.66
2605.65	995.688
2606.55	1031.22
2607.45	1023.25
2608.34	1012.28
2609.23	1005.31
2610.13	1032.84
2611.02	992.87
2611.92	984.401
2612.81	1017.43
2613.71	1014.96
2614.6	982.492
2615.5	1023.02
2616.39	979.553
2617.28	946.583
2618.18	945.613
2619.07	944.644
2619.96	1013.67
2620.86	1021.7
2621.75	1027.24
2622.64	961.766
2623.53	1002.3
2624.43	994.826
2625.32	982.857
2626.21	965.887
2627.1	995.918
2628	994.448
2628.89	971.478
2629.78	1020.51
2630.67	974.039
2631.56	950.07
2632.45	1010.6
2633.35	1005.63
2634.24	1006.66
2635.13	986.191
2636.02	977.722
2636.91	994.752
2637.8	962.283
2638.69	980.313
2639.58	985.343
2640.47	956.874
2641.36	969.404
2642.25	993.435
2643.14	980.465
2644.03	970.496
2644.92	994.526
2645.81	979.556
2646.7	964.587
2647.59	961.617
2648.48	981.648
2649.37	1001.68
2650.25	987.708
2651.14	992.239
2652.03	978.769
2652.92	969.8
2653.81	976.33
2654.7	965.86
2655.58	982.391
2656.47	943.921
2657.36	965.452
2658.25	1002.98
2659.13	988.013
2660.02	991.043
2660.91	971.573
2661.8	988.604
2662.68	962.134
2663.57	983.165
2664.46	971.195
2665.34	968.225
2666.23	963.756
2667.12	954.286
2668	953.817
2668.89	958.847
2669.78	968.878
2670.66	963.908
2671.55	997.438
2672.43	964.469
2673.32	999.499
2674.2	974.03
2675.09	959.56
2675.97	952.59
2676.86	953.621
2677.74	960.651
2678.63	978.182
2679.51	964.712
2680.4	970.742
2681.28	992.273
2682.16	973.803
2683.05	967.834
2683.93	978.864
2684.82	984.395
2685.7	962.925
2686.58	964.455
2687.47	1004.49
2688.35	955.016
2689.23	966.047
2690.12	967.577
2691	975.107
2691.88	957.138
2692.76	988.168
2693.65	958.199
2694.53	967.229
2695.41	976.76
2696.29	974.29
2697.18	975.32
2698.06	947.851
2698.94	998.381
2699.82	983.412
2700.7	980.942
2701.58	957.972
2702.46	970.003
2703.35	972.533
2704.23	963.564
2705.11	929.594
2705.99	973.125
2706.87	982.655
2707.75	966.685
2708.63	958.716
2709.51	986.746
2710.39	995.277
2711.27	967.307
2712.15	986.337
2713.03	996.868
2713.91	964.898
2714.79	944.929
2715.67	963.959
2716.55	947.99
2717.42	969.02
2718.3	958.05
2719.18	966.581
2720.06	974.111
2720.94	957.142
2721.82	959.672
2722.7	967.202
2723.57	948.233
2724.45	970.763
2725.33	951.794
2726.21	966.324
2727.08	962.354
2727.96	970.385
2728.84	901.415
2729.72	964.446
2730.59	977.976
2731.47	938.007
2732.35	974.537
2733.22	981.567
2734.1	968.098
2734.98	948.128
2735.85	949.159
2736.73	945.689
2737.61	966.719
2738.48	943.75
2739.36	976.28
2740.23	887.811
2741.11	936.841
2741.98	924.872
2742.86	924.402
2743.73	954.932
2744.61	938.963
2745.49	962.993
2746.36	935.524
2747.23	960.054
2748.11	954.584
2748.98	970.115
2749.86	955.645
2750.73	979.176
2751.61	942.206
2752.48	952.237
2753.35	955.267
2754.23	955.297
2755.1	938.828
2755.97	939.858
2756.85	921.389
2757.72	903.419
2758.59	923.449
2759.47	943.48
2760.34	939.51
2761.21	960.541
2762.08	920.571
2762.96	965.601
2763.83	930.632
2764.7	929.162
2765.57	930.693
2766.44	925.723
2767.32	931.754
2768.19	943.784
2769.06	943.314
2769.93	924.345
2770.8	889.875
2771.67	924.906
2772.54	936.436
2773.41	946.466
2774.29	920.997
2775.16	919.027
2776.03	925.558
2776.9	917.588
2777.77	927.118
2778.64	933.649
2779.51	919.179
2780.38	938.21
2781.25	934.74
2782.12	915.771
2782.99	905.301
2783.86	904.331
2784.72	934.862
2785.59	928.392
2786.46	894.423
2787.33	910.453
2788.2	922.484
2789.07	911.514
2789.94	933.544
2790.81	953.075
2791.67	925.605
2792.54	913.636
2793.41	937.666
2794.28	910.696
2795.14	888.727
2796.01	905.757
2796.88	925.788
2797.75	911.818
2798.61	905.849
2799.48	905.879
2800.35	913.909
2801.21	918.94
2802.08	928.97
2802.95	943.001
2803.82	902.031
2804.68	903.561
2805.55	916.592
2806.41	914.622
2807.28	933.153
2808.15	936.683
2809.01	941.213
2809.88	925.744
2810.74	928.024
2811.61	930.305
2812.47	936.835
2813.34	904.866
2814.2	922.396
2815.07	923.926
2815.93	947.957
2816.8	913.987
2817.66	931.518
2818.52	925.548
2819.39	910.578
2820.25	924.609
2821.12	914.139
2821.98	925.67
2822.84	912.7
2823.71	910.231
2824.57	914.761
2825.43	915.791
2826.3	924.822
2827.16	924.852
2828.02	918.883
2828.89	940.913
2829.75	913.943
2830.61	933.974
2831.47	913.004
2832.34	934.535
2833.2	934.065
2834.06	927.096
2834.92	917.126
2835.78	941.656
2836.65	928.187
2837.51	912.217
2838.37	905.248
2839.23	904.778
2840.09	935.808
2840.95	926.339
2841.81	914.369
2842.68	922.9
2843.54	929.43
2844.4	911.96
2845.26	928.491
2846.12	938.021
2846.98	929.552
2847.84	898.582
2848.7	911.613
2849.56	900.643
2850.42	938.673
2851.28	926.704
2852.14	923.734
2852.99	897.765
2853.85	908.795
2854.71	886.826
2855.57	872.856
2856.43	889.386
2857.29	920.417
2858.15	929.947
2859.01	878.478
2859.86	908.008
2860.72	879.038
2861.58	926.069
2862.44	911.099
2863.3	881.63
2864.15	899.91
2865.01	917.19
2865.87	892.221
2866.73	917.251
2867.58	922.782
2868.44	909.812
2869.3	883.343
2870.16	892.373
2871.01	871.403
2871.87	896.934
2872.73	908.964
2873.58	903.495
2874.44	919.025
2875.29	920.555
2876.15	895.086
2877.01	891.616
2877.86	888.647
2878.72	905.677
2879.57	890.707
2880.43	883.738
2881.28	863.268
2882.14	916.299
2882.99	877.829
2883.85	902.36
2884.7	849.89
2885.56	875.92
2886.41	902.951
2887.27	856.981
2888.12	841.012
2888.97	865.542
2889.83	868.573
2890.68	887.603
2891.54	881.133
2892.39	880.664
2893.24	881.194
2894.1	884.225
2894.95	859.255
2895.8	842.285
2896.66	868.316
2897.51	898.846
2898.36	857.377
2899.21	874.407
2900.07	885.938
2900.92	890.968
2901.77	844.498
2902.62	858.029
2903.48	868.059
2904.33	882.59
2905.18	867.12
2906.03	862.15
2906.88	849.181
2907.73	852.711
2908.59	868.742
2909.44	876.272
2910.29	850.802
2911.14	838.833
2911.99	884.863
2912.84	839.394
2913.69	871.924
2914.54	869.455
2915.39	869.485
2916.24	847.015
2917.09	873.046
2917.94	877.576
2918.79	841.107
2919.64	867.137
2920.49	895.167
2921.34	860.198
2922.19	877.228
2923.04	860.259
2923.89	883.289
2924.74	874.319
2925.59	853.85
2926.43	861.38
2927.28	868.911
2928.13	865.941
2928.98	862.972
2929.83	887.002
2930.68	853.532
2931.52	849.063
2932.37	883.093
2933.22	860.624
2934.07	853.654
2934.92	861.685
2935.76	891.715
2936.61	850.745
2937.46	863.776
2938.3	876.806
2939.15	870.337
2940	880.867
2940.84	845.897
2941.69	835.928
2942.54	831.958
2943.38	867.989
2944.23	879.519
2945.08	850.049
2945.92	874.08
2946.77	872.11
2947.61	853.141
2948.46	841.671
2949.3	861.202
2950.15	861.232
2950.99	889.762
2951.84	849.293
2952.68	871.823
2953.53	872.854
2954.37	885.884
2955.22	865.414
2956.06	837.445
2956.91	857.475
2957.75	862.506
2958.6	858.536
2959.44	899.566
2960.28	866.597
2961.13	896.627
2961.97	895.158
2962.81	869.688
2963.66	849.719
2964.5	860.749
2965.34	865.779
2966.19	892.81
2967.03	851.84
2967.87	839.871
2968.72	866.401
2969.56	850.932
2970.4	825.962
2971.24	857.492
2972.08	862.523
2972.93	868.553
2973.77	871.084
2974.61	826.114
2975.45	876.644
2976.29	852.175
2977.14	838.205
2977.98	847.736
2978.82	850.766
2979.66	832.796
2980.5	834.327
2981.34	868.357
2982.18	842.888
2983.02	856.418
2983.86	815.949
2984.7	840.979
2985.54	850.509
2986.38	832.54
2987.22	848.57
2988.06	850.601
2988.9	834.131
2989.74	859.661
2990.58	834.692
2991.42	827.722
2992.26	864.253
2993.1	818.283
2993.94	846.313
2994.78	838.844
2995.62	841.374
2996.46	831.905
2997.29	833.935
2998.13	835.466
2998.97	795.996
2999.81	850.026
3000.65	843.557
3001.48	838.087
3002.32	807.118
3003.16	812.148
3004	835.178
3004.84	827.709
3005.67	834.739
3006.51	834.27
3007.35	812.3
3008.18	829.831
3009.02	797.861
3009.86	818.391
3010.69	788.422
3011.53	835.952
3012.37	847.983
3013.2	826.013
3014.04	793.544
3014.88	822.574
3015.71	812.604
3016.55	797.635
3017.38	817.665
3018.22	804.696
3019.05	820.226
3019.89	803.756
3020.72	800.287
3021.56	808.317
3022.39	817.348
3023.23	805.878
3024.06	817.408
3024.9	827.439
3025.73	820.469
3026.57	801
3027.4	797.03
3028.24	815.56
3029.07	807.091
3029.9	831.121
3030.74	828.152
3031.57	783.182
3032.4	804.213
3033.24	800.243
3034.07	814.273
3034.9	813.304
3035.74	815.834
3036.57	819.865
3037.4	812.395
3038.23	774.425
3039.07	798.456
3039.9	826.486
3040.73	794.017
3041.57	797.047
3042.4	804.078
3043.23	815.108
3044.06	822.033
3044.89	811.514
3045.72	805.107
3046.56	794.298
3047.39	780.095
3048.22	842.433
3049.05	836.276
3049.88	793.481
3050.71	787.081
3051.54	822.94
3052.37	817.802
3053.2	771.793
3054.03	797.991
3054.86	782.76
3055.69	794.062
3056.52	804.536
3057.35	804.496
3058.18	810.308
3059.01	793.864
3059.84	812.45
3060.67	785.579
3061.5	811.833
3062.33	812.356
3063.16	804.61
3063.99	783.214
3064.82	796.018
3065.65	807.952
3066.48	793.356
3067.3	812.138
3068.13	796.546
3068.96	784.422
3069.79	797.415
3070.62	816.835
3071.44	802.603
3072.27	818.883
3073.1	772.828
3073.93	804.388
3074.76	792.855
3075.58	776.059
3076.41	800.005
3077.24	788.865
3078.06	796.735
3078.89	794.356
3079.72	802.613
3080.54	792.504
3081.37	789.137
3082.2	796.633
3083.02	785.468
3083.85	799.37
3084.68	795.259
3085.5	779.22
3086.33	788.479
3087.15	795.485
3087.98	782.709
3088.8	789.196
3089.63	792.591
3090.46	788.698
3091.28	784.688
3092.1	792.077
3092.93	797.19
3093.75	799.061
3094.58	785.226
3095.4	786.415
3096.23	783.093
3097.05	788.853
3097.88	788.086
3098.7	787.944
3099.52	788.975
3100.35	785.925
3101.17	781.305
3102	777.921
3102.82	785.626
3103.64	785.466
3104.47	779.289
3105.29	776.19
3106.11	785.082
3106.94	787.75
3107.76	775.928
3108.58	773.271
3109.4	774.08
3110.23	779.198
3111.05	784.738
3111.87	765.032
3112.69	777.06
3113.51	789.668
3114.34	775.758
3115.16	753.956
3115.98	752.817
3116.8	773.905
3117.62	796.032
3118.44	779.445
3119.26	759.859
3120.08	758.1
3120.91	782.581
3121.73	748.298
3122.55	766.919
3123.37	766.261
3124.19	734.027
3125.01	757.99
3125.83	760.242
3126.65	757.099
3127.47	756.906
3128.13	767.811
3128.96	761.312
3129.78	750.313
3130.61	768.314
3131.43	759.316
3132.25	740.317
3133.08	768.318
3133.9	759.319
3134.72	784.821
3135.55	724.322
3136.37	754.323
3137.19	770.324
3138.02	724.326
3138.84	767.327
3139.66	767.828
3140.49	733.329
3141.31	770.831
3142.13	765.832
3142.95	779.333
3143.77	731.334
3144.6	753.836
3145.42	734.337
3146.24	746.338
3147.06	751.339
3147.89	742.34
3148.71	751.342
3149.53	754.843
3150.35	753.844
3151.17	745.845
3151.99	725.347
3152.81	770.848
3153.63	736.349
3154.45	729.35
3155.27	735.352
3156.09	750.353
3156.92	760.854
3157.74	726.355
3158.56	739.857
3159.38	716.858
3160.2	717.859
3161.02	732.36
3161.83	730.362
3162.65	734.363
3163.47	737.864
3164.29	741.365
3165.11	737.867
3165.93	729.368
3166.75	755.369
3167.57	732.37
3168.39	765.371
3169.21	748.373
3170.03	737.874
3170.84	721.375
3171.66	743.376
3172.48	722.878
3173.3	718.379
3174.12	718.38
3174.93	742.881
3175.75	743.883
3176.57	741.884
3177.39	694.385
3178.21	733.386
3179.02	730.388
3179.84	736.389
3180.66	726.39
3181.47	752.891
3182.29	730.893
3183.11	717.394
3183.92	723.395
3184.74	734.396
3185.56	741.398
3186.37	730.399
3187.19	741.4
3188	727.401
3188.82	712.403
3189.64	729.404
3190.45	734.405
3191.27	706.406
3192.08	720.407
3192.9	756.909
3193.71	719.91
3194.53	722.411
3195.34	717.912
3196.16	712.414
3196.97	707.415
3197.79	729.416
3198.6	708.417
3199.42	732.419
3200.23	731.92
3201.05	712.921
3201.86	728.922
3202.67	748.924
3203.49	715.425
3204.3	734.426
3205.12	722.927
3205.93	718.929
3206.74	705.43
3207.56	720.431
3208.37	693.432
3209.18	725.434
3209.99	714.935
3210.81	730.436
3211.62	726.937
3212.43	715.438
3213.25	726.44
3214.06	718.441
3214.87	737.442
3215.68	727.443
3216.49	697.445
3217.31	718.446
3218.12	700.447
3218.93	722.948
3219.74	714.45
3220.55	728.451
3221.36	718.952
3222.17	705.953
3222.99	715.455
3223.8	718.956
3224.61	676.457
3225.42	706.958
3226.23	722.46
3227.04	715.461
3227.85	739.462
3228.66	717.463
3229.47	724.965
3230.28	680.466
3231.09	722.967
3231.9	724.968
3232.71	682.469
3233.52	717.471
3234.33	721.972
3235.14	708.473
3235.95	684.474
3236.76	693.976
3237.57	695.977
3238.38	716.478
3239.19	718.479
3239.99	730.481
3240.8	696.982
3241.61	690.483
3242.42	688.484
3243.23	698.486
3244.04	705.987
3244.84	677.488
3245.65	691.989
3246.46	724.491
3247.27	704.992
3248.08	700.493
3248.88	719.994
3249.69	663.496
3250.5	690.497
3251.3	690.498
3252.11	717.999
3252.92	697.501
3253.73	713.502
3254.53	701.003
3255.34	702.504
3256.15	693.505
3256.95	690.007
3257.76	686.508
3258.56	691.509
3259.37	706.01
3260.18	686.512
3260.98	690.513
3261.79	687.014
3262.59	685.515
3263.4	699.517
3264.2	693.518
3265.01	690.019
3265.82	680.52
3266.62	635.022
3267.42	669.523
3268.23	677.524
3269.03	676.525
3269.84	686.527
3270.64	711.528
3271.45	689.029
3272.25	679.53
3273.06	674.532
3273.86	693.033
3274.66	671.534
3275.47	671.535
3276.27	691.536
3277.08	678.538
3277.88	692.039
3278.68	661.04
3279.48	669.542
3280.29	667.543
3281.09	677.544
3281.89	668.545
3282.7	689.546
3283.5	678.548
3284.3	683.049
3285.1	665.05
3285.91	652.551
3286.71	658.553
3287.51	697.554
3288.31	701.055
3289.12	665.556
3289.92	678.058
3290.72	670.559
3291.52	661.06
3292.32	654.561
3293.12	668.563
3293.92	683.064
3294.73	660.065
3295.53	678.566
3296.33	674.068
3297.13	674.569
3297.93	645.57
3298.73	667.571
3299.53	632.573
3300.33	671.074
3301.13	675.075
3301.93	672.576
3302.73	653.578
3303.53	659.079
3304.33	652.58
3305.13	666.081
3305.93	652.582
3306.73	643.584
3307.53	662.585
3308.33	658.586
3309.13	638.587
3309.93	646.089
3310.73	675.09
3311.52	641.591
3312.32	643.592
3313.12	665.094
3313.92	668.095
3314.72	640.596
3315.52	643.097
3316.31	651.599
3317.11	650.6
3317.91	665.601
3318.71	664.602
3319.51	658.104
3320.3	640.605
3321.1	663.106
3321.9	653.607
3322.7	636.609
3323.49	635.61
3324.29	653.611
3325.09	659.612
3325.88	647.114
3326.68	657.615
3327.48	638.616
3328.27	614.617
3329.07	667.618
3329.87	642.62
3330.66	650.621
3331.46	637.622
3332.25	649.623
3333.05	636.625
3333.84	647.626
3334.64	644.127
3335.44	637.128
3336.23	615.63
3337.03	669.131
3337.82	641.132
3338.62	638.633
3339.41	650.635
3340.21	644.636
3341	636.637
3341.8	634.138
3342.59	644.64
3343.39	645.641
3344.18	655.142
3344.97	637.643
3345.77	648.644
3346.56	620.146
3347.35	651.647
3348.15	663.148
3348.94	646.649
3349.74	622.651
3350.53	668.152
3351.32	624.653
3352.12	656.154
3352.91	642.156
3353.7	622.657
3354.49	630.158
3355.29	638.659
3356.08	628.161
3356.87	637.662
3357.66	635.663
3358.46	646.164
3359.25	616.666
3360.04	632.667
3360.83	633.168
3361.62	637.169
3362.42	632.671
3363.21	644.672
3364	650.173
3364.79	615.174
3365.58	654.176
3366.37	630.677
3367.16	640.678
3367.96	642.179
3368.75	654.68
3369.54	656.182
3370.33	625.683
3371.12	624.684
3371.91	640.685
3372.7	640.187
3373.49	617.688
3374.28	635.189
3375.07	641.69
3375.86	651.692
3376.65	653.693
3377.44	634.194
3378.23	624.695
3379.02	643.697
3379.81	623.198
3380.6	614.699
3381.38	630.7
3382.17	618.702
3382.96	640.203
3383.75	638.204
3384.54	630.705
3385.33	641.707
3386.12	627.708
3386.91	611.209
3387.69	627.21
3388.48	627.211
3389.27	641.213
3390.06	629.214
3390.85	621.715
3391.63	626.216
3392.42	630.718
3393.21	624.219
3394	634.72
3394.78	602.721
3395.57	622.223
3396.36	632.724
3397.14	646.225
3397.93	628.726
3398.72	629.728
3399.5	640.229
3400.29	640.23
3401.08	624.731
3401.86	612.233
3402.65	615.234
3403.44	646.735
3404.22	616.736
3405.01	629.238
3405.79	636.239
3406.58	600.24
3407.36	620.241
3408.15	636.243
3408.93	643.744
3409.72	635.245
3410.5	621.746
3411.29	615.247
3412.07	617.749
3412.86	619.75
3413.64	637.751
3414.43	621.752
3415.21	617.754
3416	615.255
3416.78	602.756
3417.57	619.757
3418.35	632.759
3419.13	603.76
3419.92	608.761
3420.7	582.762
3421.48	606.764
3422.27	601.765
3423.05	599.766
3423.83	629.767
3424.62	611.769
3425.4	621.77
3426.18	620.271
3426.97	594.772
3427.75	624.774
3428.53	629.775
3429.31	605.776
3430.1	617.277
3430.88	607.779
3431.66	603.78
3432.44	615.281
3433.22	589.782
3434.01	603.283
3434.79	584.785
3435.57	610.786
3436.35	614.787
3437.13	590.288
3437.91	586.29
3438.7	592.791
3439.48	574.792
3440.26	598.293
3441.04	596.295
3441.82	608.796
3442.6	595.797
3443.38	599.798
3444.16	602.8
3444.94	572.801
3445.72	589.802
3446.5	617.303
3447.28	588.805
3448.06	575.806
3448.84	590.307
3449.62	593.308
3450.4	599.31
3451.18	601.811
3451.96	576.812
3452.74	598.313
3453.52	591.315
3454.3	596.816
3455.07	595.817
3455.85	578.818
3456.63	576.819
3457.41	584.821
3458.19	598.322
3458.97	584.323
3459.75	584.824
3460.52	586.826
3461.3	601.827
3462.08	564.828
3462.86	587.829
3463.64	586.831
3464.41	573.832
3465.19	557.833
3465.97	565.334
3466.75	598.336
3467.52	573.337
3468.3	601.838
3469.08	569.339
3469.85	581.841
3470.63	592.342
3471.41	568.843
3472.18	584.344
3472.96	569.346
3473.74	584.347
3474.51	565.348
3475.29	584.849
3476.06	573.85
3476.84	573.852
3477.62	595.853
3478.39	575.354
3479.17	588.855
3479.94	558.857
3480.72	564.858
3481.49	568.859
3482.27	570.86
3483.04	552.862
3483.82	577.363
3484.59	578.364
3485.37	578.365
3486.14	536.867
3486.92	548.868
3487.69	602.869
3488.47	565.87
3489.24	572.872
3490.01	579.873
3490.79	592.374
3491.56	578.375
3492.34	574.377
3493.11	582.378
3493.88	544.879
3494.66	570.38
3495.43	574.382
3496.2	584.883
3496.98	577.884
3497.75	562.385
3498.52	580.386
3499.3	594.888
3500.07	587.889
3500.84	594.89
3501.61	585.391
3502.39	562.393
3503.16	552.894
3503.93	555.895
3504.7	595.896
3505.48	583.898
3506.25	572.899
3507.02	579.9
3507.79	571.901
3508.56	586.903
3509.33	582.904
3510.1	598.905
3510.88	580.406
3511.65	566.908
3512.42	579.909
3513.19	568.41
3513.96	588.411
3514.73	565.912
3515.5	560.914
3516.27	567.415
3517.04	569.916
3517.81	566.917
3518.58	552.919
3519.35	566.92
3520.12	568.921
3520.89	553.922
3521.66	547.424
3522.43	575.425
3523.2	558.926
3523.97	558.927
3524.74	572.429
3525.51	565.93
3526.28	559.931
3527.05	548.932
3527.82	571.934
3528.59	558.935
3529.35	567.436
3530.12	565.437
3530.89	544.439
3531.66	571.94
3532.43	576.941
3533.2	558.442
3533.96	550.944
3534.73	543.945
3535.5	550.946
3536.27	554.947
3537.03	580.948
3537.8	571.95
3538.57	568.951
3539.34	565.952
3540.1	560.453
3540.87	559.455
3541.64	557.956
3542.4	555.957
3543.17	565.458
3543.94	552.96
3544.71	561.961
3545.47	575.962
3546.24	544.463
3547	565.965
3547.77	555.966
3548.54	556.467
3549.3	565.968
3550.07	563.47
3550.83	560.971
3551.6	542.972
3552.37	542.473
3553.13	549.475
3553.9	550.976
3554.66	550.477
3555.43	531.978
3556.19	557.48
3556.96	533.981
3557.72	549.482
3558.49	555.483
3559.25	534.984
3560.01	539.486
3560.78	553.987
3561.54	553.238
3562.31	552.49
3563.07	565.991
3563.84	548.492
3564.6	543.993
3565.36	543.494
3566.13	527.996
3566.89	534.497
3567.65	562.498
3568.42	549.499
3569.18	523.001
3569.94	550.002
3570.71	552.003
3571.47	543.004
3572.23	543.006
3573	539.507
3573.76	542.008
3574.52	557.009
3575.28	558.011
3576.04	538.512
3576.81	535.013
3577.57	545.514
3578.33	533.516
3579.09	528.517
3579.85	547.018
3580.62	545.019
3581.38	536.521
3582.14	537.022
3582.9	537.523
3583.66	539.024
3584.42	545.025
3585.18	551.027
3585.95	540.028
3586.71	555.529
3587.47	521.53
3588.23	526.032
3588.99	525.033
3589.75	515.534
3590.51	536.035
3591.27	523.037
3592.03	530.038
3592.79	537.039
3593.55	549.04
3594.31	513.042
3595.07	546.543
3595.83	529.044
3596.59	507.545
3597.35	530.547
3598.11	510.048
3598.87	533.049
3599.62	544.55
3600.38	511.052
3601.14	517.053
3601.9	539.054
3602.66	514.555
3603.42	527.057
3604.18	545.558
3604.93	522.059
3605.69	513.089
3606.45	536.619
3607.21	542.149
3607.97	532.179
3608.72	540.459
3609.48	548.239
3610.24	511.269
3611	536.299
3611.75	523.828
3612.51	526.859
3613.27	512.888
3614.03	523.918
3614.78	517.448
3615.54	524.478
3616.3	526.508
3617.05	527.038
3617.81	534.568
3618.57	541.598
3619.32	517.628
3620.08	514.658
3620.84	522.688
3621.59	520.218
3622.35	540.748
3623.1	547.778
3623.86	536.308
3624.61	538.838
3625.37	522.368
3626.13	529.898
3626.88	517.427
3627.64	524.957
3628.39	521.487
3629.15	500.017
3629.9	511.047
3630.66	523.077
3631.41	526.107
3632.17	527.637
3632.92	538.167
3633.67	537.697
3634.43	521.727
3635.18	520.757
3635.94	524.287
3636.69	506.817
3637.45	521.847
3638.2	521.377
3638.95	517.407
3639.71	539.937
3640.46	524.467
3641.21	542.996
3641.97	538.526
3642.72	495.556
3643.47	544.586
3644.23	538.116
3644.98	535.646
3645.73	516.176
3646.48	528.706
3647.24	505.736
3647.99	506.766
3648.74	525.796
3649.49	526.326
3650.25	520.356
3651	536.886
3651.75	502.916
3652.5	500.446
3653.25	547.476
3654	526.006
3654.76	523.036
3655.51	511.065
3656.26	500.095
3657.01	523.125
3657.76	521.155
3658.51	500.185
3659.26	531.215
3660.01	499.245
3660.76	522.275
3661.52	497.305
3662.27	504.335
3663.02	512.365
3663.77	523.395
3664.52	487.425
3665.27	522.955
3666.02	522.485
3666.77	486.015
3667.52	517.045
3668.27	519.575
3669.02	518.605
3669.76	514.635
3670.51	507.664
3671.26	515.194
3672.01	499.724
3672.76	507.754
3673.51	509.784
3674.26	508.814
3675.01	513.844
3675.76	501.874
3676.51	509.404
3677.25	488.934
3678	513.964
3678.75	504.494
3679.5	515.024
3680.25	500.554
3680.99	506.084
3681.74	499.614
3682.49	520.144
3683.24	505.174
3683.99	501.204
3684.73	516.734
3685.48	483.763
3686.23	511.293
3686.98	489.823
3687.72	516.353
3688.47	499.383
3689.22	510.413
3689.96	514.443
3690.71	508.473
3691.46	500.503
3692.2	493.533
3692.95	503.563
3693.7	522.093
3694.44	486.123
3695.19	512.653
3695.93	491.683
3696.68	491.213
3697.42	491.743
3698.17	491.773
3698.92	506.303
3699.66	487.832
3700.41	498.862
3701.15	490.892
3701.9	491.922
3702.64	488.452
3703.39	496.482
3704.13	488.512
3704.88	500.042
3705.62	487.572
3706.37	494.602
3707.11	513.132
3707.85	501.162
3708.6	490.192
3709.34	482.222
3710.09	493.252
3710.83	490.282
3711.57	490.312
3712.32	506.342
3713.06	498.372
3713.8	486.401
3714.55	482.431
3715.29	508.961
3716.03	483.991
3716.78	494.521
3717.52	493.051
3718.26	477.581
3719.01	485.111
3719.75	483.141
3720.49	476.171
3721.23	479.701
3721.98	509.731
3722.72	489.261
3723.46	483.791
3724.2	478.821
3724.94	467.851
3725.69	479.381
3726.43	475.911
3727.17	489.941
3727.91	471.971
3728.65	484.5
3729.39	478.03
3730.14	494.56
3730.88	475.09
3731.62	476.12
3732.36	493.65
3733.1	474.18
3733.84	463.71
3734.58	479.74
3735.32	486.27
3736.06	478.3
3736.8	470.33
3737.54	491.36
3738.28	503.39
3739.02	466.42
3739.76	497.45
3740.5	481.48
3741.24	479.51
3741.98	484.04
3742.72	468.569
3743.46	481.599
3744.2	456.629
3744.94	488.659
3745.68	473.189
3746.42	479.219
3747.16	493.249
3747.9	475.779
3748.64	497.309
3749.37	468.839
3750.11	459.369
3750.85	493.899
3751.59	484.429
3752.33	484.459
3753.07	477.989
3753.8	472.019
3754.54	461.049
3755.28	468.079
3756.02	485.109
3756.75	474.139
3757.49	459.168
3758.23	483.198
3758.97	469.228
3759.71	482.758
3760.44	471.288
3761.18	480.318
3761.92	484.348
3762.65	480.378
3763.39	475.408
3764.13	475.438
3764.86	479.968
3765.6	483.498
3766.34	472.528
3767.07	485.058
3767.81	474.088
3768.54	477.618
3769.28	477.137
3770.02	482.084
3770.75	485.679
3771.49	476.57
3772.22	461.849
3772.96	476.654
3773.69	473.338
3774.43	486.541
3775.16	453.314
3775.9	476.133
3776.63	465.869
3777.37	465.236
3778.1	466.526
3778.84	463.226
3779.57	470.8
3780.31	469.533
3781.04	469.128
3781.78	474.55
3782.51	477.688
3783.24	472.216
3783.98	483.625
3784.71	465.222
3785.45	467.827
3786.18	469.96
3786.91	467.932
3787.65	480.329
3788.38	470.563
3789.11	463.74
3789.85	465.899
3790.58	470.154
3791.31	464.557
3792.05	454.101
3792.78	457.639
3793.51	467.219
3794.24	452.887
3794.98	465.54
3795.71	452.333
3796.44	474.83
3797.17	463.415
3797.91	475.001
3798.64	453.032
3799.37	463.365
3800.1	469.848
3800.83	469.025
3801.56	464.369
3802.3	473.317
3803.03	459.849
3803.76	469.532
3804.49	455.721
3805.22	467.456
3805.95	455.706
3806.68	466.719
3807.41	456.72
3808.14	461.507
3808.87	467.207
3809.6	458.436
3810.34	446.341
3811.07	450.361
3811.8	460.921
3812.53	446.804
3813.26	475.84
3813.99	458.209
3814.72	461.494
3815.45	463.228
3816.18	461.606
3816.91	450.331
3817.63	446.179
3818.36	449.23
3819.09	458.935
3819.82	453.719
3820.55	441.182
3821.28	445.26
3822.01	454.315
3822.74	461.482
3823.47	459.012
3824.19	444.33
3824.92	456.847
3825.65	454.173
3826.38	455.528
3827.11	459.753
3827.84	449.611
3828.56	448.862
3829.29	455.849
3830.02	450.743
3830.75	454.667
3831.47	455.091
3832.2	448.675
3832.93	445.369
3833.66	453.667
3834.38	439.746
3835.11	456.61
3835.84	453.514
3836.56	445.986
3837.29	454.396
3838.02	458.642
3838.75	444.662
3839.47	457.704
3840.2	447.393
3840.92	441.192
3841.65	448.283
3841.86	451.027
3842.59	448.028
3843.32	456.029
3844.05	452.031
3844.78	447.032
3845.51	439.033
3846.24	447.034
3846.97	448.536
3847.7	434.037
3848.43	454.538
3849.16	425.039
3849.89	453.54
3850.62	439.042
3851.35	453.043
3852.08	444.044
3852.81	441.545
3853.53	435.547
3854.26	439.548
3854.99	423.049
3855.72	456.55
3856.45	447.052
3857.18	406.053
3857.91	439.054
3858.63	433.055
3859.36	434.056
3860.09	441.058
3860.82	443.559
3861.55	442.06
3862.27	464.061
3863	445.563
3863.73	414.064
3864.46	445.565
3865.18	457.566
3865.91	453.068
3866.64	449.569
3867.36	441.07
3868.09	438.571
3868.82	439.072
3869.54	441.074
3870.27	463.075
3871	432.576
3871.72	439.077
3872.45	418.079
3873.18	427.58
3873.9	437.081
3874.63	457.082
3875.35	429.084
3876.08	425.085
3876.81	441.086
3877.53	405.087
3878.26	441.589
3878.98	453.59
3879.71	421.591
3880.43	439.092
3881.16	435.093
3881.88	456.595
3882.61	441.096
3883.33	413.097
3884.06	431.098
3884.78	445.1
3885.51	429.601
3886.23	435.102
3886.96	418.603
3887.68	448.104
3888.41	438.106
3889.13	427.607
3889.85	435.108
3890.58	443.109
3891.3	444.611
3892.03	449.112
3892.75	421.613
3893.47	444.114
3894.2	422.116
3894.92	441.617
3895.64	413.118
3896.37	431.619
3897.09	419.121
3897.81	429.622
3898.53	428.123
3899.26	436.124
3899.98	430.125
3900.7	424.127
3901.42	424.128
3902.15	415.129
3902.87	414.13
3903.59	411.132
3904.31	417.133
3905.04	435.134
3905.76	440.135
3906.48	401.137
3907.2	412.638
3907.92	420.639
3908.64	417.14
3909.37	415.141
3910.09	434.643
3910.81	425.644
3911.53	418.145
3912.25	428.146
3912.97	430.148
3913.69	431.149
3914.41	444.15
3915.13	428.151
3915.85	425.153
3916.57	424.654
3917.29	428.655
3918.02	417.156
3918.74	432.657
3919.46	434.659
3920.18	428.16
3920.9	433.661
3921.62	425.162
3922.34	448.164
3923.05	422.165
3923.77	407.166
3924.49	401.167
3925.21	421.169
3925.93	421.67
3926.65	431.671
3927.37	389.172
3928.09	423.673
3928.81	419.675
3929.53	424.176
3930.25	405.677
3930.96	417.178
3931.68	413.68
3932.4	407.181
3933.12	402.182
3933.84	411.183
3934.56	430.185
3935.27	408.186
3935.99	416.687
3936.71	419.688
3937.43	422.189
3938.14	408.191
3938.86	409.192
3939.58	407.193
3940.3	421.194
3941.01	413.196
3941.73	419.197
3942.45	410.698
3943.17	401.699
3943.88	408.201
3944.6	406.202
3945.32	406.203
3946.03	413.704
3946.75	409.206
3947.47	402.207
3948.18	407.708
3948.9	414.709
3949.61	429.71
3950.33	408.212
3951.05	401.213
3951.76	405.214
3952.48	374.715
3953.19	399.717
3953.91	402.218
3954.62	405.219
3955.34	392.22
3956.05	396.221
3956.77	402.723
3957.48	395.224
3958.2	388.225
3958.91	398.226
3959.63	372.228
3960.34	389.229
3961.06	409.23
3961.77	399.231
3962.49	405.233
3963.2	406.734
3963.92	377.235
3964.63	409.736
3965.34	386.738
3966.06	350.739
3966.77	354.24
3967.49	398.241
3968.2	399.242
3968.91	365.244
3969.63	391.245
3970.34	398.246
3971.05	396.747
3971.77	378.749
3972.48	405.75
3973.19	394.251
3973.91	376.752
3974.62	378.254
3975.33	379.255
3976.04	395.756
3976.76	393.757
3977.47	390.258
3978.18	384.26
3978.89	388.761
3979.6	390.262
3980.32	373.263
3981.03	390.765
3981.74	384.266
3982.45	375.267
3983.16	392.768
3983.88	391.27
3984.59	396.271
3985.3	390.772
3986.01	391.273
3986.72	375.274
3987.43	401.776
3988.14	406.277
3988.85	388.778
3989.56	388.279
3990.28	393.781
3990.99	392.782
3991.7	389.283
3992.41	389.284
3993.12	393.286
3993.83	392.287
3994.54	396.788
3995.25	390.789
3995.96	413.29
3996.67	378.292
3997.38	383.793
3998.09	373.794
3998.8	387.795
3999.51	372.297
