0.05009	0.88	0.527	0.521	0.413
0.10017	0.88	0.527	0.522	0.412
0.15026	0.878	0.527	0.52	0.413
0.20035	0.877	0.529	0.519	0.414
0.25044	0.877	0.527	0.517	0.415
0.30052	0.873	0.525	0.515	0.415
0.35061	0.869	0.527	0.515	0.415
0.4007	0.866	0.525	0.514	0.416
0.45079	0.863	0.524	0.512	0.417
0.50087	0.864	0.524	0.511	0.417
0.55096	0.866	0.524	0.51	0.418
0.60105	0.864	0.52	0.509	0.419
0.65114	0.865	0.524	0.511	0.419
0.70122	0.865	0.523	0.509	0.419
0.75131	0.865	0.523	0.508	0.419
0.8014	0.863	0.523	0.509	0.418
0.85148	0.866	0.525	0.509	0.419
0.90157	0.863	0.523	0.509	0.42
0.95166	0.859	0.522	0.509	0.42
1.00175	0.863	0.522	0.508	0.419
1.05183	0.867	0.525	0.509	0.419
1.10192	0.862	0.525	0.508	0.419
1.15201	0.861	0.525	0.508	0.419
1.2021	0.862	0.525	0.508	0.419
1.25218	0.859	0.524	0.509	0.42
1.30227	0.86	0.524	0.508	0.419
1.35236	0.861	0.524	0.508	0.42
1.40245	0.861	0.525	0.508	0.419
1.45253	0.863	0.522	0.508	0.419
1.50262	0.861	0.523	0.509	0.42
1.55271	0.862	0.522	0.506	0.42
1.60279	0.861	0.523	0.508	0.42
1.65288	0.861	0.523	0.508	0.42
1.70297	0.86	0.52	0.508	0.419
1.75306	0.867	0.521	0.507	0.418
1.80314	0.864	0.518	0.507	0.42
1.85323	0.865	0.521	0.507	0.419
1.90332	0.862	0.52	0.509	0.417
1.95341	0.864	0.52	0.508	0.419
2.00349	0.867	0.52	0.509	0.418
2.05358	0.865	0.52	0.509	0.418
2.10367	0.868	0.521	0.509	0.418
2.15376	0.864	0.52	0.51	0.417
2.20384	0.863	0.52	0.509	0.418
2.25393	0.869	0.52	0.51	0.418
2.30402	0.869	0.52	0.51	0.417
2.3541	0.865	0.521	0.509	0.418
2.40419	0.868	0.519	0.512	0.418
2.45428	0.867	0.521	0.511	0.416
2.50437	0.868	0.52	0.51	0.416
2.55445	0.868	0.519	0.513	0.416
2.60454	0.868	0.521	0.512	0.416
2.65463	0.871	0.519	0.511	0.416
2.70472	0.869	0.521	0.511	0.416
2.7548	0.868	0.521	0.51	0.416
2.80489	0.869	0.523	0.512	0.416
2.85498	0.867	0.521	0.511	0.416
2.90507	0.873	0.521	0.512	0.416
2.95515	0.869	0.52	0.512	0.416
3.00524	0.871	0.521	0.512	0.417
3.05533	0.872	0.52	0.513	0.416
3.10541	0.869	0.521	0.511	0.414
3.1555	0.868	0.522	0.512	0.417
3.20559	0.867	0.523	0.512	0.415
3.25568	0.869	0.522	0.511	0.416
3.30576	0.87	0.523	0.511	0.418
3.35585	0.865	0.522	0.511	0.418
3.40594	0.87	0.523	0.51	0.417
3.45603	0.863	0.522	0.509	0.419
3.50611	0.865	0.521	0.509	0.42
3.5562	0.863	0.522	0.508	0.418
3.60629	0.863	0.523	0.508	0.417
3.65638	0.864	0.523	0.507	0.419
3.70646	0.861	0.521	0.509	0.418
3.75655	0.863	0.524	0.508	0.42
3.80664	0.867	0.522	0.508	0.419
3.85672	0.861	0.524	0.509	0.42
3.90681	0.863	0.524	0.508	0.417
3.9569	0.865	0.522	0.508	0.42
4.00699	0.86	0.519	0.506	0.42
4.05707	0.864	0.523	0.509	0.419
4.10716	0.861	0.525	0.508	0.42
4.15725	0.863	0.522	0.506	0.418
4.20734	0.864	0.524	0.508	0.419
4.25742	0.861	0.525	0.508	0.421
4.30751	0.859	0.524	0.507	0.419
4.3576	0.862	0.525	0.508	0.419
4.40769	0.862	0.527	0.507	0.418
4.45777	0.861	0.524	0.508	0.418
4.50786	0.861	0.524	0.507	0.418
4.55795	0.86	0.522	0.508	0.42
4.60803	0.863	0.525	0.508	0.419
4.65812	0.863	0.522	0.508	0.419
4.70821	0.861	0.523	0.507	0.421
4.7583	0.863	0.525	0.507	0.418
4.80838	0.863	0.52	0.508	0.419
4.85847	0.865	0.521	0.508	0.419
4.90856	0.864	0.522	0.508	0.418
4.95865	0.865	0.522	0.508	0.418
5.00873	0.867	0.52	0.509	0.418
5.05882	0.866	0.519	0.509	0.42
5.10891	0.87	0.52	0.508	0.418
5.159	0.864	0.52	0.509	0.417
5.20908	0.87	0.516	0.509	0.419
5.25917	0.866	0.522	0.51	0.419
5.30926	0.865	0.517	0.509	0.417
5.35934	0.867	0.521	0.51	0.417
5.40943	0.865	0.519	0.51	0.417
5.45952	0.873	0.522	0.51	0.417
5.50961	0.868	0.521	0.509	0.417
5.55969	0.869	0.52	0.512	0.418
5.60978	0.87	0.522	0.511	0.415
5.65987	0.868	0.52	0.511	0.416
5.70996	0.869	0.519	0.512	0.416
5.76004	0.869	0.519	0.51	0.415
5.81013	0.868	0.521	0.511	0.417
5.86022	0.869	0.52	0.511	0.415
5.91031	0.868	0.52	0.51	0.416
5.96039	0.87	0.521	0.51	0.416
6.01048	0.871	0.519	0.512	0.416
6.06057	0.87	0.52	0.512	0.415
6.11065	0.874	0.522	0.512	0.415
6.16074	0.87	0.522	0.512	0.415
6.21083	0.871	0.521	0.511	0.415
6.26092	0.871	0.522	0.512	0.417
6.311	0.868	0.523	0.511	0.418
6.36109	0.864	0.522	0.512	0.418
6.41118	0.87	0.521	0.51	0.419
6.46127	0.865	0.522	0.508	0.418
6.51135	0.863	0.524	0.508	0.419
6.56144	0.867	0.52	0.509	0.417
6.61153	0.863	0.522	0.508	0.419
6.66162	0.86	0.521	0.509	0.42
6.7117	0.862	0.522	0.508	0.421
6.76179	0.866	0.522	0.508	0.419
6.81188	0.866	0.523	0.509	0.42
6.86196	0.863	0.524	0.509	0.418
6.91205	0.863	0.524	0.507	0.421
6.96214	0.861	0.523	0.508	0.419
7.01223	0.863	0.524	0.507	0.419
7.06231	0.865	0.523	0.508	0.42
7.1124	0.865	0.524	0.508	0.42
7.16249	0.863	0.522	0.509	0.418
7.21258	0.862	0.525	0.508	0.419
7.26266	0.863	0.523	0.507	0.418
7.31275	0.864	0.523	0.508	0.419
7.36284	0.862	0.523	0.507	0.42
7.41293	0.863	0.524	0.509	0.418
7.46301	0.861	0.526	0.509	0.419
7.5131	0.863	0.524	0.507	0.418
7.56319	0.86	0.526	0.508	0.421
7.61327	0.861	0.523	0.508	0.421
7.66336	0.863	0.526	0.506	0.42
7.71345	0.864	0.523	0.509	0.419
7.76354	0.863	0.524	0.508	0.42
7.81362	0.863	0.521	0.507	0.418
7.86371	0.859	0.523	0.508	0.418
7.9138	0.862	0.519	0.508	0.419
7.96389	0.869	0.521	0.509	0.418
8.01397	0.863	0.519	0.51	0.419
8.06406	0.868	0.523	0.507	0.419
8.11415	0.864	0.521	0.509	0.417
8.16424	0.865	0.522	0.51	0.417
8.21432	0.87	0.519	0.51	0.418
8.26441	0.864	0.522	0.51	0.416
8.3145	0.868	0.521	0.511	0.419
8.36458	0.864	0.521	0.51	0.418
8.41467	0.869	0.522	0.512	0.417
8.46476	0.869	0.521	0.509	0.417
8.51485	0.866	0.52	0.511	0.418
8.56493	0.867	0.521	0.51	0.416
8.61502	0.871	0.52	0.51	0.418
8.66511	0.869	0.521	0.512	0.416
8.7152	0.867	0.522	0.51	0.416
8.76528	0.871	0.522	0.512	0.418
8.81537	0.873	0.519	0.511	0.417
8.86546	0.87	0.52	0.51	0.417
8.91555	0.87	0.52	0.511	0.416
8.96563	0.868	0.52	0.511	0.415
9.01572	0.869	0.519	0.511	0.416
9.06581	0.874	0.52	0.512	0.416
9.11589	0.869	0.519	0.512	0.417
9.16598	0.874	0.523	0.514	0.414
9.21607	0.871	0.522	0.512	0.414
9.26616	0.866	0.522	0.511	0.417
9.31624	0.867	0.523	0.511	0.418
9.36633	0.867	0.521	0.51	0.417
9.41642	0.866	0.525	0.508	0.418
9.46651	0.865	0.522	0.509	0.419
9.51659	0.865	0.522	0.51	0.419
9.56668	0.865	0.521	0.509	0.418
9.61677	0.865	0.521	0.508	0.421
9.66686	0.862	0.523	0.508	0.419
9.71694	0.864	0.522	0.508	0.419
9.76703	0.865	0.523	0.508	0.419
9.81712	0.866	0.521	0.508	0.418
9.8672	0.865	0.522	0.506	0.419
9.91729	0.864	0.524	0.508	0.421
9.96738	0.862	0.524	0.507	0.418
10.01747	0.864	0.522	0.507	0.42
10.06755	0.863	0.525	0.507	0.419
10.11764	0.862	0.522	0.507	0.419
10.16773	0.862	0.522	0.508	0.421
10.21782	0.866	0.523	0.507	0.42
10.2679	0.861	0.526	0.507	0.419
10.31799	0.862	0.523	0.507	0.42
10.36808	0.861	0.521	0.508	0.418
10.41817	0.865	0.523	0.508	0.42
10.46825	0.865	0.523	0.507	0.419
10.51834	0.864	0.525	0.507	0.42
10.56843	0.865	0.526	0.507	0.419
10.61851	0.862	0.524	0.508	0.42
10.6686	0.862	0.524	0.507	0.419
10.71869	0.863	0.52	0.507	0.421
10.76878	0.86	0.523	0.508	0.419
10.81886	0.864	0.521	0.507	0.418
10.86895	0.864	0.522	0.507	0.419
10.91904	0.865	0.523	0.509	0.419
10.96913	0.866	0.519	0.509	0.419
11.01921	0.863	0.52	0.509	0.418
11.0693	0.864	0.52	0.508	0.418
11.11939	0.862	0.521	0.509	0.419
11.16948	0.868	0.52	0.509	0.419
11.21956	0.866	0.521	0.51	0.42
11.26965	0.865	0.519	0.509	0.418
11.31974	0.867	0.519	0.51	0.417
11.36982	0.867	0.519	0.51	0.417
11.41991	0.867	0.52	0.511	0.417
11.47	0.868	0.521	0.51	0.417
11.52009	0.868	0.522	0.51	0.418
11.57017	0.866	0.52	0.511	0.416
11.62026	0.868	0.519	0.51	0.419
11.67035	0.867	0.52	0.511	0.417
11.72044	0.867	0.521	0.51	0.416
11.77052	0.875	0.519	0.511	0.417
11.82061	0.867	0.52	0.51	0.417
11.8707	0.868	0.521	0.512	0.417
11.92079	0.874	0.52	0.511	0.416
11.97087	0.872	0.52	0.512	0.416
12.02096	0.871	0.521	0.512	0.415
12.07105	0.87	0.52	0.512	0.416
12.12113	0.87	0.521	0.511	0.416
12.17122	0.872	0.522	0.512	0.416
12.22131	0.87	0.522	0.512	0.416
12.2714	0.872	0.522	0.512	0.416
12.32148	0.866	0.522	0.512	0.416
12.37157	0.868	0.524	0.51	0.418
12.42166	0.862	0.522	0.509	0.418
12.47175	0.865	0.523	0.508	0.419
12.52183	0.866	0.523	0.51	0.42
12.57192	0.861	0.523	0.509	0.42
12.62201	0.865	0.524	0.508	0.419
12.6721	0.865	0.521	0.508	0.419
12.72218	0.862	0.523	0.508	0.418
12.77227	0.863	0.525	0.507	0.418
12.82236	0.863	0.521	0.508	0.418
12.87244	0.862	0.521	0.508	0.419
12.92253	0.863	0.522	0.507	0.418
12.97262	0.866	0.523	0.509	0.42
13.02271	0.862	0.523	0.508	0.42
13.07279	0.863	0.522	0.507	0.421
13.12288	0.867	0.52	0.508	0.42
13.17297	0.862	0.524	0.508	0.42
13.22306	0.863	0.523	0.507	0.419
13.27314	0.864	0.524	0.508	0.42
13.32323	0.864	0.522	0.507	0.418
13.37332	0.862	0.525	0.508	0.42
13.42341	0.861	0.525	0.507	0.42
13.47349	0.865	0.525	0.509	0.419
13.52358	0.862	0.526	0.507	0.42
13.57367	0.865	0.525	0.508	0.419
13.62375	0.862	0.523	0.51	0.418
13.67384	0.864	0.524	0.508	0.421
13.72393	0.864	0.522	0.509	0.42
13.77402	0.862	0.522	0.508	0.419
13.8241	0.864	0.521	0.508	0.418
13.87419	0.865	0.522	0.507	0.419
13.92428	0.866	0.521	0.509	0.42
13.97437	0.864	0.52	0.508	0.42
14.02445	0.865	0.522	0.509	0.419
14.07454	0.865	0.521	0.507	0.419
14.12463	0.868	0.519	0.509	0.417
14.17472	0.865	0.522	0.509	0.417
14.2248	0.867	0.521	0.509	0.418
14.27489	0.866	0.521	0.511	0.418
14.32498	0.867	0.52	0.509	0.417
14.37506	0.871	0.519	0.511	0.416
14.42515	0.866	0.522	0.509	0.417
14.47524	0.867	0.52	0.511	0.417
14.52533	0.869	0.519	0.511	0.417
14.57541	0.869	0.52	0.51	0.416
14.6255	0.873	0.52	0.51	0.417
14.67559	0.87	0.522	0.51	0.416
14.72568	0.871	0.52	0.512	0.416
14.77576	0.869	0.518	0.512	0.417
14.82585	0.87	0.518	0.511	0.418
14.87594	0.872	0.519	0.511	0.415
14.92603	0.872	0.519	0.511	0.416
14.97611	0.869	0.519	0.511	0.416
15.0262	0.87	0.52	0.512	0.416
15.07629	0.872	0.522	0.512	0.416
15.12637	0.87	0.522	0.512	0.416
15.17646	0.873	0.521	0.512	0.414
15.22655	0.873	0.523	0.513	0.416
15.27664	0.87	0.522	0.511	0.416
15.32672	0.868	0.521	0.512	0.415
15.37681	0.869	0.523	0.511	0.418
15.4269	0.866	0.524	0.509	0.419
15.47699	0.864	0.522	0.511	0.417
15.52707	0.866	0.521	0.509	0.417
15.57716	0.864	0.522	0.508	0.418
15.62725	0.864	0.524	0.509	0.419
15.67734	0.864	0.522	0.508	0.42
15.72742	0.863	0.522	0.509	0.42
15.77751	0.864	0.522	0.507	0.418
15.8276	0.863	0.524	0.508	0.419
15.87768	0.863	0.52	0.51	0.419
15.92777	0.865	0.524	0.508	0.42
15.97786	0.862	0.523	0.508	0.42
16.02795	0.862	0.522	0.508	0.419
16.07803	0.863	0.524	0.508	0.418
16.12812	0.861	0.525	0.507	0.418
16.17821	0.862	0.525	0.508	0.42
16.2283	0.863	0.523	0.508	0.422
16.27838	0.865	0.524	0.508	0.419
16.32847	0.865	0.523	0.509	0.419
16.37856	0.863	0.523	0.508	0.419
16.42865	0.862	0.526	0.507	0.421
16.47873	0.86	0.524	0.507	0.42
16.52882	0.866	0.524	0.507	0.421
16.57891	0.863	0.525	0.508	0.421
16.62899	0.866	0.525	0.507	0.419
16.67908	0.865	0.524	0.507	0.419
16.72917	0.864	0.524	0.507	0.42
16.77926	0.863	0.522	0.508	0.42
16.82934	0.863	0.521	0.509	0.417
16.87943	0.867	0.52	0.508	0.42
16.92952	0.864	0.521	0.508	0.418
16.97961	0.867	0.52	0.507	0.419
17.02969	0.865	0.521	0.509	0.421
17.07978	0.867	0.52	0.509	0.419
17.12987	0.866	0.521	0.508	0.418
17.17996	0.863	0.522	0.51	0.419
17.23004	0.866	0.521	0.51	0.418
17.28013	0.867	0.52	0.509	0.418
17.33022	0.867	0.522	0.509	0.417
17.3803	0.868	0.52	0.509	0.418
17.43039	0.868	0.522	0.511	0.416
17.48048	0.869	0.519	0.509	0.419
17.53057	0.867	0.525	0.509	0.419
17.58065	0.871	0.521	0.511	0.418
17.63074	0.87	0.521	0.512	0.416
17.68083	0.869	0.522	0.51	0.418
17.73092	0.867	0.523	0.512	0.418
17.781	0.867	0.521	0.513	0.416
17.83109	0.868	0.52	0.512	0.417
17.88118	0.874	0.52	0.512	0.417
17.93127	0.868	0.522	0.511	0.417
17.98135	0.87	0.519	0.513	0.416
18.03144	0.872	0.521	0.511	0.418
18.08153	0.868	0.519	0.511	0.417
18.13161	0.873	0.52	0.513	0.415
18.1817	0.87	0.522	0.512	0.416
18.23179	0.869	0.52	0.514	0.417
18.28188	0.87	0.521	0.513	0.417
18.33196	0.87	0.523	0.511	0.419
18.38205	0.868	0.523	0.512	0.418
18.43214	0.87	0.525	0.51	0.418
18.48223	0.866	0.522	0.509	0.42
18.53231	0.861	0.523	0.509	0.417
18.5824	0.866	0.523	0.508	0.42
18.63249	0.865	0.521	0.509	0.419
18.68258	0.862	0.522	0.508	0.419
18.73266	0.863	0.521	0.51	0.419
18.78275	0.862	0.522	0.508	0.419
18.83284	0.866	0.521	0.507	0.42
18.88292	0.864	0.521	0.508	0.419
18.93301	0.862	0.523	0.507	0.419
18.9831	0.862	0.523	0.508	0.42
19.03319	0.862	0.524	0.509	0.419
19.08327	0.863	0.523	0.508	0.42
19.13336	0.865	0.525	0.507	0.42
19.18345	0.864	0.523	0.508	0.42
19.23354	0.862	0.525	0.508	0.422
19.28362	0.864	0.526	0.508	0.42
19.33371	0.862	0.522	0.508	0.419
19.3838	0.861	0.523	0.507	0.42
19.43389	0.864	0.524	0.507	0.422
19.48397	0.859	0.522	0.508	0.421
19.53406	0.861	0.526	0.508	0.419
19.58415	0.863	0.525	0.507	0.419
19.63423	0.866	0.523	0.509	0.42
19.68432	0.865	0.523	0.509	0.42
19.73441	0.862	0.522	0.508	0.421
19.7845	0.862	0.522	0.509	0.421
19.83458	0.865	0.521	0.508	0.419
19.88467	0.866	0.523	0.508	0.421
19.93476	0.865	0.52	0.508	0.42
19.98485	0.865	0.522	0.509	0.419
20.03493	0.864	0.519	0.509	0.419
20.08502	0.866	0.52	0.509	0.419
20.13511	0.865	0.523	0.509	0.419
20.1852	0.867	0.522	0.511	0.418
20.23528	0.87	0.52	0.509	0.418
20.28537	0.866	0.52	0.511	0.419
20.33546	0.866	0.522	0.51	0.417
20.38554	0.866	0.522	0.509	0.418
20.43563	0.867	0.52	0.511	0.419
20.48572	0.87	0.522	0.509	0.417
20.53581	0.869	0.52	0.509	0.417
20.58589	0.871	0.52	0.511	0.419
20.63598	0.865	0.52	0.511	0.419
20.68607	0.868	0.52	0.512	0.417
20.73616	0.871	0.519	0.512	0.417
20.78624	0.87	0.521	0.511	0.416
20.83633	0.871	0.52	0.511	0.415
20.88642	0.869	0.521	0.512	0.416
20.93651	0.866	0.522	0.512	0.418
20.98659	0.869	0.52	0.513	0.417
21.03668	0.87	0.522	0.511	0.417
21.08677	0.871	0.523	0.513	0.415
21.13685	0.869	0.521	0.512	0.417
21.18694	0.871	0.521	0.512	0.417
21.23703	0.872	0.523	0.512	0.416
21.28712	0.869	0.523	0.512	0.417
21.3372	0.871	0.522	0.511	0.418
21.38729	0.866	0.522	0.511	0.418
21.43738	0.866	0.524	0.51	0.418
21.48747	0.865	0.523	0.51	0.419
21.53755	0.867	0.521	0.51	0.418
21.58764	0.867	0.524	0.508	0.418
21.63773	0.862	0.523	0.51	0.418
21.68782	0.865	0.523	0.508	0.418
21.7379	0.868	0.521	0.509	0.42
21.78799	0.862	0.522	0.509	0.42
21.83808	0.865	0.523	0.508	0.421
21.88816	0.863	0.524	0.507	0.42
21.93825	0.868	0.524	0.508	0.419
21.98834	0.864	0.523	0.508	0.42
22.03843	0.861	0.524	0.508	0.42
22.08851	0.863	0.523	0.508	0.42
22.1386	0.866	0.524	0.508	0.419
22.18869	0.859	0.524	0.508	0.419
22.23878	0.863	0.524	0.508	0.421
22.28886	0.858	0.525	0.509	0.419
22.33895	0.863	0.524	0.509	0.42
22.38904	0.864	0.525	0.507	0.421
22.43913	0.866	0.524	0.508	0.42
22.48921	0.861	0.526	0.508	0.419
22.5393	0.864	0.525	0.509	0.421
22.58939	0.865	0.523	0.509	0.42
22.63947	0.868	0.522	0.507	0.421
22.68956	0.864	0.525	0.508	0.421
22.73965	0.867	0.523	0.507	0.42
22.78974	0.862	0.523	0.508	0.421
22.83982	0.865	0.523	0.508	0.42
22.88991	0.864	0.522	0.507	0.42
22.94	0.863	0.523	0.508	0.42
22.99009	0.868	0.522	0.508	0.418
23.04017	0.865	0.521	0.51	0.418
23.09026	0.865	0.521	0.509	0.418
23.14035	0.869	0.522	0.509	0.419
23.19044	0.863	0.521	0.509	0.418
23.24052	0.867	0.518	0.509	0.418
23.29061	0.864	0.52	0.51	0.418
23.3407	0.868	0.52	0.51	0.418
23.39078	0.87	0.522	0.509	0.417
23.44087	0.868	0.52	0.51	0.418
23.49096	0.867	0.52	0.51	0.418
23.54105	0.869	0.522	0.512	0.418
23.59113	0.869	0.52	0.511	0.417
23.64122	0.869	0.521	0.51	0.417
23.69131	0.871	0.521	0.511	0.417
23.7414	0.872	0.521	0.512	0.416
23.79148	0.869	0.518	0.51	0.417
23.84157	0.872	0.522	0.51	0.416
23.89166	0.872	0.52	0.51	0.418
23.94175	0.867	0.522	0.512	0.417
23.99183	0.872	0.522	0.511	0.417
24.04192	0.873	0.52	0.511	0.416
24.09201	0.872	0.52	0.512	0.413
24.14209	0.872	0.521	0.513	0.417
24.19218	0.875	0.523	0.512	0.415
24.24227	0.87	0.524	0.511	0.418
24.29236	0.871	0.523	0.511	0.418
24.34244	0.872	0.524	0.511	0.418
24.39253	0.873	0.522	0.511	0.419
24.44262	0.865	0.523	0.512	0.418
24.49271	0.868	0.524	0.51	0.42
24.54279	0.865	0.522	0.509	0.419
24.59288	0.868	0.523	0.51	0.419
24.64297	0.862	0.524	0.51	0.419
24.69306	0.868	0.52	0.507	0.42
24.74314	0.865	0.521	0.508	0.42
24.79323	0.862	0.522	0.508	0.419
24.84332	0.862	0.523	0.508	0.419
24.8934	0.866	0.524	0.508	0.42
24.94349	0.861	0.522	0.509	0.42
24.99358	0.861	0.524	0.509	0.42
25.04367	0.863	0.523	0.507	0.419
25.09375	0.862	0.525	0.508	0.418
25.14384	0.863	0.523	0.509	0.419
25.19393	0.863	0.522	0.507	0.42
25.24402	0.86	0.526	0.508	0.419
25.2941	0.868	0.524	0.507	0.421
25.34419	0.86	0.526	0.509	0.421
25.39428	0.862	0.522	0.508	0.419
25.44437	0.865	0.523	0.508	0.42
25.49445	0.865	0.523	0.508	0.42
25.54454	0.863	0.524	0.509	0.42
25.59463	0.865	0.525	0.508	0.42
25.64471	0.864	0.525	0.508	0.42
25.6948	0.865	0.524	0.508	0.42
25.74489	0.861	0.523	0.508	0.421
25.79498	0.865	0.523	0.509	0.419
25.84506	0.863	0.523	0.506	0.418
25.89515	0.867	0.52	0.509	0.419
25.94524	0.864	0.524	0.509	0.42
25.99533	0.868	0.521	0.507	0.418
26.04541	0.865	0.522	0.509	0.419
26.0955	0.864	0.52	0.509	0.419
26.14559	0.866	0.52	0.509	0.419
26.19568	0.866	0.52	0.509	0.419
26.24576	0.866	0.52	0.511	0.418
26.29585	0.87	0.519	0.51	0.42
26.34594	0.865	0.522	0.51	0.417
26.39602	0.869	0.521	0.51	0.42
26.44611	0.869	0.523	0.51	0.419
26.4962	0.87	0.522	0.51	0.417
26.54629	0.867	0.519	0.509	0.417
26.59637	0.868	0.523	0.51	0.417
26.64646	0.87	0.521	0.509	0.418
26.69655	0.868	0.521	0.512	0.417
26.74664	0.868	0.52	0.511	0.419
26.79672	0.868	0.522	0.512	0.417
26.84681	0.87	0.522	0.512	0.419
26.8969	0.873	0.521	0.512	0.417
26.94699	0.867	0.52	0.513	0.419
26.99707	0.872	0.521	0.511	0.417
27.04716	0.874	0.521	0.511	0.416
27.09725	0.871	0.522	0.512	0.418
27.14733	0.871	0.521	0.513	0.417
27.19742	0.87	0.521	0.511	0.418
27.24751	0.87	0.522	0.512	0.416
27.2976	0.871	0.523	0.512	0.418
27.34768	0.867	0.522	0.513	0.417
27.39777	0.868	0.523	0.512	0.419
27.44786	0.868	0.522	0.511	0.419
27.49795	0.867	0.522	0.51	0.42
27.54803	0.865	0.523	0.51	0.419
27.59812	0.861	0.523	0.509	0.418
27.64821	0.861	0.522	0.508	0.418
27.6983	0.865	0.522	0.508	0.419
27.74838	0.864	0.523	0.509	0.418
27.79847	0.866	0.523	0.508	0.418
27.84856	0.864	0.523	0.508	0.42
27.89864	0.864	0.523	0.508	0.42
27.94873	0.867	0.521	0.508	0.419
27.99882	0.86	0.524	0.509	0.422
28.04891	0.864	0.523	0.509	0.419
28.09899	0.863	0.522	0.509	0.419
28.14908	0.862	0.524	0.508	0.419
28.19917	0.868	0.524	0.509	0.419
28.24926	0.861	0.524	0.508	0.419
28.29934	0.865	0.524	0.507	0.42
28.34943	0.865	0.524	0.508	0.421
28.39952	0.865	0.523	0.508	0.42
28.44961	0.861	0.524	0.509	0.419
28.49969	0.863	0.524	0.509	0.42
28.54978	0.864	0.524	0.508	0.421
28.59987	0.864	0.525	0.508	0.421
28.64995	0.865	0.525	0.507	0.42
28.70004	0.859	0.524	0.509	0.42
28.75013	0.86	0.525	0.509	0.42
28.80022	0.865	0.525	0.506	0.42
28.8503	0.87	0.523	0.508	0.418
28.90039	0.868	0.523	0.508	0.421
28.95048	0.866	0.523	0.508	0.419
29.00057	0.866	0.522	0.508	0.418
29.05065	0.866	0.522	0.509	0.418
29.10074	0.864	0.523	0.509	0.419
29.15083	0.865	0.52	0.509	0.418
29.20092	0.868	0.523	0.509	0.419
29.251	0.87	0.523	0.51	0.418
29.30109	0.87	0.521	0.508	0.418
29.35118	0.868	0.52	0.51	0.419
29.40126	0.868	0.521	0.51	0.419
29.45135	0.87	0.52	0.51	0.419
29.50144	0.868	0.52	0.51	0.419
29.55153	0.866	0.521	0.512	0.419
29.60161	0.868	0.522	0.511	0.418
29.6517	0.872	0.519	0.511	0.417
29.70179	0.87	0.519	0.512	0.417
29.75188	0.872	0.521	0.512	0.417
29.80196	0.867	0.522	0.511	0.418
29.85205	0.871	0.522	0.513	0.416
29.90214	0.87	0.521	0.51	0.417
29.95223	0.873	0.521	0.511	0.418
30.00231	0.873	0.52	0.512	0.417
30.0524	0.872	0.523	0.512	0.416
30.10249	0.87	0.522	0.512	0.417
30.15257	0.875	0.521	0.512	0.418
30.20266	0.873	0.521	0.513	0.415
30.25275	0.873	0.523	0.511	0.416
30.30284	0.871	0.524	0.512	0.418
30.35292	0.869	0.522	0.511	0.417
30.40301	0.868	0.524	0.511	0.417
30.4531	0.869	0.523	0.51	0.418
30.50319	0.864	0.523	0.511	0.417
30.55327	0.865	0.523	0.51	0.419
30.60336	0.863	0.521	0.51	0.419
30.65345	0.863	0.521	0.509	0.419
30.70354	0.863	0.525	0.509	0.418
30.75362	0.861	0.524	0.508	0.42
30.80371	0.861	0.522	0.51	0.42
30.8538	0.865	0.523	0.509	0.42
30.90388	0.863	0.524	0.51	0.419
30.95397	0.862	0.524	0.509	0.422
31.00406	0.866	0.522	0.508	0.42
31.05415	0.864	0.523	0.508	0.421
31.10423	0.863	0.522	0.507	0.42
31.15432	0.863	0.521	0.508	0.421
31.20441	0.865	0.521	0.509	0.42
31.2545	0.863	0.522	0.508	0.419
31.30458	0.866	0.523	0.508	0.42
31.35467	0.864	0.524	0.508	0.421
31.40476	0.861	0.525	0.508	0.421
31.45485	0.862	0.526	0.508	0.419
31.50493	0.863	0.524	0.507	0.419
31.55502	0.859	0.523	0.509	0.42
31.60511	0.867	0.524	0.508	0.421
31.65519	0.864	0.525	0.507	0.419
31.70528	0.863	0.525	0.509	0.42
31.75537	0.866	0.522	0.508	0.421
31.80546	0.865	0.524	0.508	0.421
31.85554	0.863	0.523	0.509	0.42
31.90563	0.867	0.522	0.508	0.421
31.95572	0.865	0.522	0.507	0.42
32.00581	0.864	0.52	0.509	0.421
32.05589	0.865	0.518	0.51	0.419
32.10598	0.864	0.52	0.507	0.42
32.15607	0.866	0.521	0.508	0.418
32.20616	0.869	0.522	0.509	0.418
32.25624	0.866	0.521	0.51	0.419
32.30633	0.866	0.521	0.509	0.419
32.35642	0.868	0.52	0.511	0.42
32.4065	0.869	0.522	0.511	0.419
32.45659	0.867	0.522	0.51	0.419
32.50668	0.869	0.52	0.51	0.418
32.55677	0.87	0.521	0.511	0.418
32.60685	0.868	0.521	0.511	0.418
32.65694	0.87	0.521	0.512	0.416
32.70703	0.871	0.52	0.511	0.417
32.75712	0.865	0.523	0.511	0.419
32.8072	0.871	0.521	0.511	0.417
32.85729	0.872	0.52	0.511	0.417
32.90738	0.873	0.52	0.511	0.417
32.95747	0.872	0.519	0.511	0.417
33.00755	0.875	0.521	0.512	0.418
33.05764	0.872	0.521	0.511	0.417