201.015	4599.5
202.282	4569.94
203.551	4481.88
204.817	4611.81
206.085	4639.75
207.352	4617.69
208.619	4677.63
209.885	4670.57
211.152	4736.51
212.418	4719.94
213.685	4764.38
214.95	4832.32
216.216	4836.76
217.481	4824.7
218.745	4867.14
220.011	4901.57
221.275	4878.01
222.54	4933.95
223.804	4895.39
225.069	4953.83
226.332	4897.77
227.595	4875.7
228.859	4814.64
230.122	4791.58
231.384	4830.02
232.648	4771.46
233.91	4819.9
235.173	4716.33
236.435	4770.27
237.696	4622.21
238.959	4634.65
240.22	4605.09
241.48	4645.03
242.741	4551.96
244.003	4461.4
245.263	4463.84
246.523	4416.28
247.784	4438.72
249.044	4340.65
250.303	4398.09
251.562	4320.53
252.823	4316.97
254.081	4247.91
255.34	4254.35
256.598	4259.28
257.858	4180.22
259.116	4170.16
260.373	4127.6
261.631	4153.54
262.888	4107.98
264.147	4059.91
265.404	4032.85
266.66	3998.79
267.917	4056.73
269.173	4060.17
270.429	4018.61
271.685	3990.54
272.942	3966.48
274.197	3982.42
275.453	3970.86
276.708	3971.3
277.963	3989.74
279.217	3986.17
280.472	3896.11
281.726	3959.05
282.98	3936.99
284.234	3908.93
285.488	3927.86
286.742	3959.8
287.996	3907.74
289.249	3884.68
290.502	3958.62
291.754	3919.56
293.007	4009.49
294.259	4026.43
295.511	3953.37
296.763	3966.31
298.014	3924.25
299.266	4035.19
300.517	4031.62
301.768	3971.06
303.017	3994.5
304.268	4005.94
305.518	4024.88
306.768	4061.82
308.018	4052.25
309.268	4022.69
310.518	4072.63
311.767	4083.07
313.016	4135.51
314.265	4055.45
315.514	4102.38
316.761	4070.32
318.01	4136.76
319.258	4146.2
320.506	4141.64
321.754	4105.58
323.001	4169.01
324.247	4094.95
325.494	4070.89
326.741	4109.33
327.988	4097.27
329.235	4132.21
330.48	4077.64
331.726	4110.58
332.972	4026.52
334.218	4107.46
335.463	4087.4
336.707	4139.33
337.952	4158.27
339.197	4121.21
340.441	4162.15
341.685	4158.09
342.929	4133.53
344.174	4151.96
345.416	4206.4
346.66	4213.34
347.904	4211.28
349.145	4219.72
350.389	4232.66
351.632	4269.59
352.873	4323.53
354.115	4277.47
355.358	4298.91
356.599	4309.35
357.841	4301.79
359.081	4359.72
360.322	4406.16
361.564	4458.6
362.803	4464.04
364.044	4472.48
365.284	4547.92
366.524	4440.85
367.765	4573.79
369.003	4562.73
370.243	4657.67
371.482	4692.61
372.721	4707.05
373.959	4766.48
375.198	4779.92
376.436	4853.86
377.675	4870.3
378.912	5000.24
380.15	5021.68
381.387	5021.11
382.625	5017.55
383.861	5172.49
385.099	5283.93
386.335	5311.37
387.571	5286.8
388.808	5382.24
390.043	5427.68
391.28	5459.62
392.515	5420.56
393.749	5497.5
394.985	5586.43
396.22	5642.37
397.455	5580.81
398.689	5678.25
399.923	5698.19
401.158	5739.13
402.391	5711.06
403.625	5811
404.859	5737.94
406.092	5805.38
407.324	5875.32
408.558	5819.76
409.79	5946.69
411.022	5898.63
412.256	6003.07
413.487	6161.51
414.719	6050.45
415.95	6200.39
417.182	6261.32
418.413	6316.76
419.644	6314.2
420.874	6469.64
422.106	6654.58
423.336	6758.52
424.566	6809.95
425.795	6895.39
427.025	6980.83
428.255	7136.77
429.484	7289.71
430.713	7590.15
431.942	7667.58
433.17	7968.52
434.399	8154.96
435.627	8514.4
436.856	8875.34
438.084	9224.27
439.311	9527.21
440.538	10077.2
441.765	10721.1
442.992	11342
444.219	11942
445.445	12880.9
446.672	13979.3
447.898	14968.8
449.124	16119.7
450.349	17492.7
451.576	18854.6
452.802	20358
454.027	21570
455.252	22545.9
456.476	23065.3
457.701	23328.8
458.925	22611.7
460.149	21797.7
461.373	20367.6
462.596	18869
463.819	17320.5
465.043	15985.9
466.266	14468.4
467.489	13293.8
468.711	12031.2
469.934	11174.7
471.156	10405.6
472.379	9656.55
473.601	9094.49
474.822	8658.92
476.044	8234.36
477.264	7758.8
478.485	7561.24
479.706	7371.18
480.927	7057.61
482.148	6764.05
483.368	6570.99
484.588	6406.93
485.807	6368.37
487.027	6221.31
488.246	6138.24
489.466	5996.18
490.685	5913.12
491.903	5843.06
493.122	5765.5
494.34	5629.44
495.559	5588.37
496.776	5474.81
497.994	5455.25
499.212	5401.69
500.43	5340.13
501.646	5362.57
502.863	5355.5
504.08	5276.44
505.296	5230.88
506.512	5241.32
507.729	5180.76
508.944	5157.69
510.16	5141.63
511.376	5080.57
512.59	5088.01
513.806	5085.95
515.021	5064.39
516.235	5007.82
517.45	5102.76
518.663	5039.2
519.878	5019.64
521.093	5093.08
522.305	5029.02
523.519	4960.95
524.732	5003.39
525.945	4994.33
527.158	5050.27
528.371	5030.71
529.582	5061.65
530.795	5060.08
532.007	5119.02
533.219	5056.46
534.43	4948.4
535.642	5066.34
536.853	5047.78
538.064	5098.71
539.274	5150.65
540.486	5136.09
541.696	5116.03
542.907	5111.97
544.116	5110.91
545.326	5161.84
546.535	5210.78
547.744	5167.72
548.954	5125.66
550.163	5119.6
551.372	5199.54
552.58	5189.47
553.788	5241.41
554.997	5231.35
556.205	5238.79
557.412	5195.23
558.62	5196.17
559.827	5270.1
561.034	5277.54
562.242	5266.98
563.448	5194.92
564.654	5222.86
565.861	5187.79
567.067	5212.73
568.273	5150.67
569.478	5190.61
570.685	5153.05
571.89	5213.99
573.094	5197.92
574.299	5171.86
575.505	5197.3
576.709	5143.24
577.913	5114.18
579.117	5140.62
580.322	5152.05
581.525	5006.99
582.728	5122.43
583.931	5037.87
585.134	4894.81
586.337	5028.75
587.541	4914.18
588.743	4928.62
589.945	4886.56
591.147	4930
592.349	4815.44
593.55	4784.38
594.752	4802.81
595.953	4740.75
597.154	4813.19
598.355	4704.63
599.557	4716.57
600.757	4660
601.957	4606.94
603.157	4610.88
604.357	4584.32
605.557	4573.26
606.756	4602.7
607.955	4474.63
609.154	4452.57
610.353	4454.01
611.552	4354.45
612.75	4377.39
613.949	4306.33
615.147	4276.26
616.345	4273.2
617.543	4229.64
618.739	4217.58
619.936	4130.02
621.133	4175.96
622.33	4101.89
623.527	4032.83
624.724	4061.77
625.92	4003.71
627.116	3933.65
628.312	3867.09
629.508	3862.52
630.702	3794.46
631.898	3746.4
633.093	3853.34
634.288	3749.28
635.483	3723.22
636.678	3658.65
637.871	3653.09
639.065	3623.53
640.26	3508.97
641.454	3545.91
642.646	3454.84
643.84	3389.78
645.033	3404.22
646.226	3386.66
647.418	3365.1
648.611	3335.04
649.803	3280.97
650.996	3213.41
652.187	3204.35
653.379	3147.29
654.571	3118.73
655.761	3072.67
656.952	3076.6
658.144	3002.04
659.334	2960.98
660.525	2947.42
661.715	2946.86
662.905	2874.3
664.095	2829.73
665.285	2750.67
666.474	2762.61
667.664	2743.55
668.852	2735.99
670.041	2687.43
671.229	2674.86
672.418	2586.8
673.607	2592.74
674.795	2563.18
675.983	2448.12
677.17	2519.56
678.358	2467.49
679.545	2476.43
680.733	2493.37
681.919	2420.31
683.106	2425.25
684.292	2391.68
685.479	2383.62
686.665	2364.56
687.851	2328.5
689.036	2341.44
690.221	2271.88
691.407	2284.31
692.592	2300.25
693.778	2230.19
694.962	2221.13
696.147	2280.07
697.331	2259.01
698.515	2179.94
699.699	2195.88
700.883	2219.82
702.066	2177.76
703.25	2168.2
704.433	2154.64
705.615	2157.57
706.799	2176.01
707.981	2133.45
709.163	2089.39
710.346	2149.83
711.528	2103.27
712.709	2110.2
713.892	2109.14
715.073	2071.08
716.253	2118.02
717.434	2071.96
718.616	2066.9
719.796	2067.33
720.976	2073.77
722.156	2049.21
723.336	2024.65
724.517	2019.59
725.696	2029.52
726.875	1981.46
728.054	2017.4
729.233	1974.34
730.412	1956.28
731.592	2036.72
732.77	1967.15
733.948	1932.09
735.126	1937.03
736.303	1954.97
737.481	1929.41
738.658	1968.85
739.835	1919.78
741.012	1920.72
742.191	1904.66
743.367	1948.6
744.544	1877.54
745.72	1912.48
746.896	1898.41
748.072	1868.35
749.247	1860.29
750.423	1870.23
751.598	1821.17
752.773	1863.11
753.948	1853.04
755.123	1846.48
756.297	1829.92
757.472	1821.36
758.646	1824.8
759.82	1792.74
760.994	1772.67
762.166	1805.61
763.34	1760.55
764.513	1790.99
765.686	1783.43
766.859	1778.86
768.032	1787.3
769.204	1780.74
770.377	1767.18
771.549	1734.12
772.719	1800.06
773.891	1741.99
775.063	1779.43
776.234	1729.87
777.406	1757.31
778.577	1753.75
779.746	1700.69
780.917	1732.62
782.088	1737.56
783.258	1767.5
784.427	1767.94
785.597	1763.38
786.767	1771.32
787.936	1787.75
789.104	1767.19
790.273	1745.13
791.443	1776.57
792.612	1772.51
793.779	1794.45
794.947	1749.38
796.116	1755.32
797.283	1769.26
798.451	1761.2
799.618	1779.14
800.785	1753.58
801.952	1736.51
803.119	1735.95
804.285	1763.39
805.452	1779.83
806.617	1814.77
807.784	1772.2
808.95	1770.14
810.115	1737.58
811.281	1765.02
812.445	1715.96
813.611	1762.9
814.775	1772.83
815.94	1756.77
817.104	1730.71
818.269	1735.15
819.432	1706.09
820.597	1743.03
821.76	1729.96
822.924	1741.4
824.087	1746.84
825.251	1731.78
826.413	1741.72
827.576	1756.16
828.738	1718.59
829.901	1754.53
831.063	1704.97
832.224	1722.91
833.387	1745.85
834.548	1707.29
835.71	1727.22
836.871	1670.66
838.031	1737.6
839.193	1694.04
840.353	1672.98
841.513	1705.92
842.674	1685.35
843.834	1633.29
844.993	1671.73
846.154	1678.17
847.313	1663.61
848.472	1638.04
849.632	1652.98
850.79	1671.92
851.948	1719.86
853.107	1671.3
854.266	1628.74
855.424	1639.67
856.581	1638.11
857.739	1659.55
858.896	1657.49
860.054	1671.93
861.211	1694.37
862.368	1688.8
863.524	1666.24
864.681	1659.68
865.838	1656.12
866.994	1687.06
868.15	1687
869.306	1623.93
870.461	1662.87
871.616	1648.81
872.772	1671.75
873.927	1723.19
875.083	1706.13
876.237	1637.56
877.392	1647.5
878.546	1615.44
879.7	1686.88
880.854	1660.32
882.007	1663.26
883.161	1715.19
884.314	1670.13
885.467	1654.07
886.62	1688.01
887.773	1661.95
888.925	1685.89
890.078	1694.82
891.23	1693.26
892.382	1689.7
893.534	1705.14
894.686	1655.08
895.837	1675.51
896.989	1653.45
898.14	1699.39
899.289	1661.33
900.44	1682.27
901.591	1709.71
902.741	1648.14
903.892	1676.08
905.042	1680.02
906.192	1659.46
907.341	1678.4
908.49	1652.84
909.639	1628.27
910.788	1672.21
911.937	1675.65
913.086	1644.59
914.234	1665.53
915.382	1624.97
916.53	1675.4
917.679	1656.84
918.825	1609.28
919.973	1623.22
921.121	1664.16
922.268	1640.1
923.414	1651.53
924.561	1622.97
925.708	1645.91
926.855	1658.85
928	1644.79
929.146	1646.72
930.292	1654.16
931.437	1647.1
932.583	1582.54
933.727	1633.98
934.873	1630.92
936.018	1632.85
937.162	1660.29
938.307	1551.23
939.452	1593.17
940.595	1623.11
941.739	1602.05
942.882	1541.98
944.026	1655.42
945.169	1607.86
946.313	1595.3
947.455	1610.24
948.598	1605.68
949.74	1592.61
950.883	1605.05
952.026	1602.99
953.167	1563.43
954.309	1594.87
955.451	1605.31
956.592	1610.24
957.734	1629.68
958.874	1586.12
960.016	1556.06
961.156	1563.5
962.297	1567.94
963.437	1573.87
964.577	1545.81
965.717	1576.25
966.857	1587.69
967.997	1598.63
969.136	1605.56
970.275	1561
971.414	1575.44
972.553	1604.38
973.691	1602.32
974.83	1525.26
975.968	1528.19
977.106	1531.13
978.243	1603.07
979.382	1543.01
980.519	1573.95
981.656	1567.89
982.794	1580.32
983.931	1559.26
985.067	1562.2
986.204	1542.14
987.34	1549.58
988.477	1544.52
989.613	1589.45
990.748	1557.39
991.884	1523.33
993.019	1558.77
994.155	1518.21
995.29	1531.65
996.425	1535.08
997.559	1553.52
998.694	1552.46
999.828	1559.9
1000.96	1520.84
1002.1	1537.78
1003.23	1521.71
1004.36	1506.15
1005.5	1549.59
1006.63	1524.53
1007.76	1559.47
1008.9	1497.41
1010.03	1517.34
1011.16	1526.28
1012.29	1535.72
1013.43	1505.16
1014.56	1549.6
1015.69	1526.03
1016.82	1487.97
1017.95	1528.91
1019.08	1516.35
1020.21	1468.79
1021.35	1488.73
1022.48	1508.66
1023.61	1537.6
1024.74	1511.04
1025.87	1485.48
1027	1505.42
1028.13	1529.86
1029.26	1514.29
1030.39	1466.23
1031.51	1491.17
1032.64	1497.61
1033.77	1510.05
1034.9	1506.99
1036.03	1486.92
1037.16	1474.86
1038.29	1503.8
1039.41	1513.74
1040.54	1488.68
1041.67	1520.62
1042.8	1484.55
1043.92	1498.99
1045.05	1511.43
1046.18	1503.62
1047.3	1495.31
1048.43	1512.24
1049.56	1493.18
1050.68	1441.12
1051.81	1522.56
1052.93	1490
1054.06	1456.94
1055.18	1516.87
1056.31	1453.81
1057.43	1485.25
1058.56	1536.19
1059.68	1498.63
1060.81	1525.07
1061.93	1511
1063.06	1496.44
1064.18	1505.38
1065.3	1493.82
1066.43	1538.26
1067.55	1519.7
1068.67	1500.13
1069.8	1517.57
1070.92	1488.01
1072.04	1482.95
1073.16	1506.89
1074.29	1517.33
1075.41	1474.26
1076.53	1551.2
1077.65	1500.64
1078.77	1503.58
1079.89	1485.52
1081.01	1491.46
1082.13	1476.89
1083.26	1477.33
1084.38	1508.27
1085.5	1494.21
1086.62	1476.65
1087.74	1482.08
1088.86	1475.02
1089.98	1493.46
1091.1	1489.4
1092.21	1477.84
1093.33	1491.28
1094.45	1487.71
1095.57	1477.65
1096.69	1498.59
1097.81	1506.53
1098.93	1489.47
1100.04	1461.91
1101.16	1524.84
1102.28	1491.28
1103.4	1482.72
1104.51	1514.16
1105.63	1479.1
1106.75	1479.04
1107.86	1493.97
1108.98	1483.41
1110.1	1467.85
1111.21	1461.79
1112.33	1473.73
1113.45	1519.17
1114.56	1502.6
1115.68	1489.54
1116.79	1520.48
1117.91	1501.42
1119.02	1557.86
1120.14	1529.8
1121.25	1498.23
1122.36	1532.17
1123.48	1518.61
1124.59	1498.05
1125.71	1539.49
1126.82	1525.43
1127.93	1555.86
1129.05	1531.8
1130.16	1505.74
1131.27	1533.18
1132.39	1515.12
1133.5	1538.55
1134.61	1564.49
1135.72	1542.43
1136.83	1522.37
1137.95	1546.31
1139.06	1554.25
1140.17	1526.68
1141.28	1570.62
1142.39	1563.56
1143.5	1543
1144.61	1557.94
1145.72	1574.88
1146.83	1585.81
1147.95	1549.75
1149.05	1570.69
1150.16	1596.13
1151.27	1551.07
1152.38	1521.51
1153.49	1521.44
1154.6	1595.88
1155.71	1531.32
1156.82	1568.76
1157.93	1565.2
1159.04	1574.64
1160.14	1567.07
1161.25	1572.51
1162.36	1583.45
1163.47	1578.89
1164.58	1553.83
1165.68	1569.27
1166.79	1557.7
1167.9	1526.64
1169	1521.08
1170.11	1573.52
1171.22	1524.96
1172.32	1562.89
1173.43	1547.33
1174.53	1556.27
1175.64	1522.71
1176.75	1519.15
1177.85	1507.09
1178.96	1542.02
1180.06	1534.96
1181.17	1515.9
1182.27	1492.84
1183.37	1525.78
1184.48	1475.22
1185.58	1514.15
1186.69	1452.59
1187.79	1485.53
1188.89	1465.97
1190	1507.91
1191.1	1461.85
1192.2	1478.28
1193.31	1468.72
1194.41	1487.66
1195.51	1459.1
1196.61	1457.04
1197.71	1422.98
1198.82	1426.91
1199.92	1455.85
1201.02	1439.79
1202.12	1457.73
1203.22	1410.67
1204.32	1428.11
1205.42	1429.54
1206.53	1427.98
1207.63	1403.92
1208.73	1431.36
1209.83	1431.3
1210.93	1391.23
1212.03	1424.67
1213.13	1378.61
1214.22	1394.05
1215.32	1409.99
1216.42	1359.93
1217.52	1363.36
1218.62	1389.8
1219.72	1387.74
1220.82	1389.18
1221.92	1346.12
1223.01	1410.06
1224.11	1378.99
1225.21	1340.43
1226.31	1345.37
1227.4	1354.81
1228.5	1363.25
1229.6	1336.69
1230.69	1359.62
1231.79	1320.06
1232.89	1288
1233.98	1374.94
1235.08	1359.38
1236.18	1352.82
1237.27	1366.25
1238.37	1362.69
1239.46	1360.13
1240.56	1358.57
1241.65	1314.01
1242.75	1335.45
1243.84	1301.38
1244.94	1354.82
1246.03	1283.26
1247.12	1326.7
1248.22	1333.14
1249.31	1355.57
1250.41	1338.01
1251.5	1305.95
1252.59	1326.89
1253.68	1338.83
1254.78	1326.77
1255.87	1333.7
1256.96	1315.14
1258.06	1316.58
1259.15	1315.02
1260.24	1319.96
1261.33	1330.9
1262.42	1311.33
1263.51	1302.27
1264.6	1297.21
1265.7	1272.15
1266.79	1295.09
1267.88	1312.53
1268.97	1276.96
1270.06	1273.9
1271.15	1301.34
1272.24	1284.28
1273.33	1289.72
1274.42	1262.66
1275.51	1260.59
1276.6	1253.03
1277.69	1265.97
1278.78	1262.41
1279.86	1219.85
1280.95	1235.79
1282.04	1291.72
1283.13	1257.16
1284.22	1251.99
1285.3	1243.71
1286.39	1246.07
1287.48	1266.4
1288.57	1249.24
1289.66	1245.95
1290.74	1233.98
1291.83	1224.69
1292.92	1195.97
1294	1197.84
1295.09	1216.74
1296.17	1202.53
1297.26	1207.32
1298.35	1204.84
1299.43	1190.16
1300.52	1166.01
1301.6	1176.78
1302.69	1189.69
1303.77	1176.74
1304.86	1189.09
1305.94	1205.18
1307.03	1187.31
1308.11	1170.77
1309.19	1139.13
1310.28	1176.67
1311.36	1177.82
1312.45	1175.27
1313.53	1174.27
1314.61	1141.3
1315.7	1143.33
1316.78	1138.32
1317.86	1161.36
1318.94	1167.28
1320.03	1151.46
1321.11	1153.41
1322.19	1162.98
1323.27	1154.15
1324.35	1152.19
1325.43	1151.22
1326.52	1148.99
1327.6	1144.9
1328.68	1149.66
1329.76	1156.82
1330.84	1162.4
1331.92	1173.9
1333	1137.11
1334.08	1143.83
1335.16	1153.26
1336.24	1128.23
1337.32	1137.34
1338.4	1145.14
1339.48	1156.65
1340.56	1161.5
1341.64	1146.84
1342.71	1139.51
1343.79	1123.29
1344.87	1116.14
1345.95	1135.61
1347.03	1147.31
1348.1	1149.42
1349.18	1147.93
1350.26	1143.51
1351.34	1146.31
1352.41	1137.23
1353.49	1132.36
1354.57	1144.18
1355.64	1139.67
1356.72	1136.2
1357.8	1130.62
1358.87	1136.59
1359.95	1137.06
1361.02	1137.4
1362.1	1137.55
1363.17	1121.13
1364.25	1135.55
1365.32	1140.73
1366.4	1132.7
1367.47	1120.54
1368.55	1131.37
1369.62	1117.61
1370.7	1136.34
1371.77	1117.21
1372.85	1116.45
1373.92	1112.91
1374.99	1114.41
1376.07	1121.94
1377.14	1123.54
1378.21	1109.3
1379.28	1116.06
1380.36	1127.47
1381.43	1118.15
1382.5	1129.06
1383.57	1124.16
1384.65	1105.4
1385.72	1100.88
1386.79	1091.31
1387.86	1094.76
1388.93	1103.85
1390	1101.45
1391.07	1110.97
1391.98	1096.35
1393.05	1097.36
1394.13	1103.38
1395.2	1076.39
1396.28	1061.4
1397.35	1121.92
1398.43	1077.43
1399.51	1104.44
1400.58	1072.96
1401.65	1058.47
1402.73	1074.48
1403.8	1073
1404.88	1068.01
1405.95	1086.52
1407.02	1076.54
1408.1	1085.55
1409.17	1077.56
1410.25	1093.57
1411.32	1053.59
1412.39	1073.1
1413.46	1076.61
1414.54	1055.13
1415.61	1036.64
1416.68	1080.15
1417.75	1044.67
1418.83	1067.68
1419.9	1068.69
1420.97	1056.7
1422.04	1045.72
1423.11	1055.73
1424.18	1093.74
1425.25	1056.76
1426.32	1080.77
1427.39	1077.78
1428.47	1069.8
1429.53	1077.31
1430.6	1031.82
1431.67	1036.34
1432.74	1071.85
1433.81	1076.36
1434.88	1044.88
1435.95	1064.39
1437.02	1076.4
1438.09	1008.91
1439.16	1046.93
1440.23	1074.44
1441.3	1068.45
1442.36	1061.97
1443.43	1047.98
1444.5	1042.99
1445.57	1077.01
1446.64	1051.02
1447.7	1053.53
1448.77	1044.04
1449.84	1046.06
1450.9	1034.07
1451.97	1029.58
1453.04	1062.1
1454.1	1077.11
1455.17	1024.12
1456.23	1028.14
1457.3	1081.15
1458.37	1075.16
1459.43	1083.68
1460.5	1057.19
1461.56	1039.7
1462.63	1034.21
1463.69	1063.23
1464.76	1005.24
1465.82	1068.25
1466.89	1018.27
1467.95	1020.28
1469.01	1025.29
1470.08	1036.81
1471.14	1058.82
1472.2	1044.33
1473.27	1035.35
1474.33	1063.36
1475.39	1022.87
1476.46	1044.39
1477.52	1081.4
1478.58	1031.41
1479.64	1010.92
1480.71	1061.44
1481.77	1075.45
1482.83	1048.46
1483.89	1036.48
1484.95	1011.49
1486.01	1072
1487.07	1024.52
1488.14	1038.03
1489.2	1029.54
1490.26	1033.55
1491.32	1028.57
1492.38	1055.08
1493.44	1029.59
1494.5	1026.61
1495.56	1050.62
1496.62	1041.13
1497.68	1033.65
1498.74	1037.16
1499.79	1025.67
1500.85	1018.19
1501.91	1042.7
1502.97	981.712
1504.03	1012.22
1505.09	982.238
1506.15	1014.25
1507.2	1001.76
1508.26	1021.28
1509.32	1018.29
1510.38	1001.3
1511.43	1018.32
1512.49	984.33
1513.55	1016.84
1514.6	1032.86
1515.66	1004.87
1516.72	998.882
1517.77	974.895
1518.83	1044.91
1519.89	1019.42
1520.94	1048.93
1522	1018.95
1523.05	1014.96
1524.11	1026.97
1525.16	1033.99
1526.22	1011
1527.27	1006.01
1528.33	1019.03
1529.38	1001.04
1530.44	1020.05
1531.49	1000.06
1532.54	1003.08
1533.6	1028.09
1534.65	1013.1
1535.7	1033.12
1536.76	1021.13
1537.81	1000.64
1538.86	1040.16
1539.92	1027.17
1540.97	1001.68
1542.02	1002.2
1543.07	1017.21
1544.13	1009.22
1545.18	1001.23
1546.23	1008.25
1547.28	1009.26
1548.33	1011.27
1549.38	1036.79
1550.44	1049.3
1551.49	997.313
1552.54	1024.33
1553.59	1048.84
1554.64	1001.35
1555.69	1010.87
1556.74	1033.88
1557.79	1041.39
1558.84	1018.9
1559.89	1027.42
1560.94	1003.43
1561.99	1027.44
1563.04	968.457
1564.08	987.47
1565.13	1007.48
1566.18	1003.5
1567.23	1025.51
1568.28	1043.52
1569.33	991.036
1570.37	998.549
1571.42	1010.56
1572.47	1001.57
1573.52	1005.59
1574.57	952.601
1575.61	1001.61
1576.66	1015.63
1577.71	996.64
1578.75	1020.65
1579.8	1002.17
1580.85	1003.18
1581.89	1005.69
1582.94	988.206
1583.98	1001.72
1585.03	996.732
1586.08	1012.24
1587.12	977.758
1588.17	992.771
1589.21	1004.78
1590.26	1009.8
1591.3	1003.31
1592.35	982.823
1593.39	979.836
1594.43	994.85
1595.48	978.863
1596.52	997.376
1597.57	1007.39
1598.61	1013.4
1599.65	981.915
1600.69	988.928
1601.74	1005.94
1602.78	973.454
1603.82	983.467
1604.87	991.98
1605.91	995.493
1606.95	998.006
1607.99	988.019
1609.03	982.033
1610.08	981.046
1611.12	972.059
1612.16	1006.57
1613.2	975.585
1614.24	1002.6
1615.28	983.111
1616.32	988.624
1617.36	976.137
1618.4	984.15
1619.44	964.163
1620.49	998.176
1621.52	984.69
1622.56	966.203
1623.6	983.216
1624.64	982.229
1625.68	992.742
1626.72	962.755
1627.76	978.268
1628.8	951.781
1629.84	973.794
1630.88	966.307
1631.92	958.32
1632.95	991.333
1633.99	984.346
1635.03	979.859
1636.07	990.373
1637.1	978.886
1638.14	957.899
1639.18	992.412
1640.22	1014.92
1641.25	927.438
1642.29	1008.95
1643.33	948.464
1644.36	954.977
1645.4	954.49
1646.44	953.503
1647.47	1005.52
1648.51	974.53
1649.54	970.543
1650.58	970.056
1651.61	982.569
1652.65	955.582
1653.68	981.095
1654.72	992.608
1655.75	994.621
1656.79	989.634
1657.82	962.647
1658.85	981.66
1659.89	971.673
1660.92	990.186
1661.96	992.7
1662.99	985.713
1664.02	971.226
1665.06	1000.74
1666.09	992.752
1667.12	970.765
1668.15	973.778
1669.19	973.791
1670.22	968.804
1671.25	958.817
1672.28	1004.33
1673.32	960.843
1674.35	994.856
1675.38	973.369
1676.41	970.883
1677.44	975.396
1678.47	959.909
1679.5	954.922
1680.53	971.435
1681.56	967.948
1682.59	976.461
1683.62	965.974
1684.65	965.487
1685.68	953
1686.71	957.013
1687.74	965.026
1688.77	972.039
1689.8	974.553
1690.83	946.566
1691.86	962.079
1692.89	959.092
1693.92	953.605
1694.95	959.618
1695.97	976.631
1697	952.144
1698.03	961.157
1699.06	959.17
1700.09	946.183
1701.11	987.196
1702.14	961.209
1703.17	978.723
1704.2	970.736
1705.22	935.249
1706.25	950.262
1707.28	957.275
1708.3	929.288
1709.33	928.301
1710.35	968.314
1711.38	929.327
1712.41	944.34
1713.43	983.353
1714.46	950.866
1715.48	963.38
1716.51	973.893
1717.53	936.406
1718.56	950.419
1719.58	968.432
1720.61	965.945
1721.63	969.458
1722.65	972.471
1723.68	945.484
1724.7	966.497
1725.73	948.51
1726.75	960.023
1727.77	974.536
1728.8	946.549
1729.82	949.563
1730.84	988.076
1731.86	934.589
1732.89	954.102
1733.91	969.615
1734.93	953.628
1735.95	956.641
1736.98	958.654
1738	943.667
1739.02	937.68
1740.04	933.693
1741.06	930.706
1742.08	951.22
1743.1	945.733
1744.13	926.746
1745.15	986.259
1746.17	956.772
1747.19	942.285
1748.21	956.798
1749.23	944.811
1750.25	966.824
1751.27	948.337
1752.29	959.85
1753.3	984.363
1754.32	943.376
1755.34	968.889
1756.36	947.903
1757.38	934.416
1758.4	949.929
1759.42	959.942
1760.44	941.955
1761.45	957.968
1762.47	960.981
1763.49	915.994
1764.51	926.007
1765.53	945.02
1766.54	925.033
1767.56	953.046
1768.58	973.559
1769.59	952.573
1770.61	937.586
1771.63	918.099
1772.64	931.112
1773.66	934.125
1774.67	917.138
1775.69	954.151
1776.71	938.664
1777.72	939.677
1778.74	927.19
1779.75	925.203
1780.77	957.216
1781.78	897.229
1782.8	955.743
1783.81	941.756
1784.83	945.769
1785.84	926.782
1786.86	955.295
1787.87	930.808
1788.88	938.321
1789.9	933.834
1790.91	924.347
1791.92	921.36
1792.94	924.373
1793.95	940.386
1794.96	919.399
1795.98	948.913
1796.99	926.426
1798	922.439
1799.01	955.452
1800.02	963.465
1801.04	925.478
1802.05	928.491
1803.06	945.504
1804.07	945.017
1805.08	929.03
1806.09	937.543
1807.11	946.556
1808.12	950.57
1809.13	952.083
1810.14	972.596
1811.15	928.609
1812.16	948.122
1813.17	958.135
1814.18	948.148
1815.19	939.661
1816.2	889.674
1817.21	942.187
1818.22	945.2
1819.23	946.713
1820.23	910.726
1821.24	924.239
1822.25	931.253
1823.26	960.766
1824.27	947.779
1825.28	952.792
1826.28	939.305
1827.29	925.818
1828.3	948.831
1829.31	967.344
1830.32	901.857
1831.32	954.37
1832.33	940.883
1833.34	902.396
1834.34	934.909
1835.35	952.423
1836.36	987.936
1837.36	944.949
1838.37	954.962
1839.38	956.475
1840.38	954.488
1841.39	948.501
1842.39	937.014
1843.4	966.027
1844.4	957.04
1845.41	950.553
1846.41	936.066
1847.42	923.579
1848.42	943.593
1849.43	953.606
1850.43	938.119
1851.44	951.132
1852.44	926.145
1853.44	913.658
1854.45	955.671
1855.45	934.184
1856.45	953.697
1857.46	929.21
1858.46	949.723
1859.46	935.736
1860.47	934.749
1861.47	961.263
1862.47	926.276
1863.47	927.289
1864.47	940.302
1865.48	926.815
1866.48	924.328
1867.48	925.841
1868.48	930.354
1869.48	946.867
1870.48	933.38
1871.49	914.393
1872.49	950.906
1873.49	944.919
1874.49	954.932
1875.49	915.446
1876.49	910.459
1877.49	920.472
1878.49	932.985
1879.49	929.998
1880.49	919.011
1881.49	915.524
1882.49	943.537
1883.49	897.55
1884.49	907.563
1885.48	898.576
1886.48	930.089
1887.48	915.603
1888.48	900.116
1889.48	909.129
1890.48	898.642
1891.47	905.155
1892.47	938.668
1893.47	912.681
1894.47	928.694
1895.46	942.707
1896.46	922.22
1897.46	890.233
1898.46	863.746
1899.45	896.259
1900.45	943.773
1901.44	906.286
1902.44	900.799
1903.44	896.312
1904.43	896.825
1905.43	884.838
1906.42	931.351
1907.42	917.364
1908.42	881.877
1909.41	890.39
1910.41	896.903
1911.4	912.416
1912.4	909.929
1913.39	862.943
1914.39	882.956
1915.38	920.969
1916.37	894.982
1917.37	894.995
1918.36	898.508
1919.35	888.021
1920.35	908.534
1921.34	901.047
1922.33	913.06
1923.33	906.073
1924.32	915.086
1925.31	905.599
1926.31	917.112
1927.3	897.126
1928.29	876.139
1929.28	903.152
1930.27	881.165
1931.27	910.178
1932.26	891.191
1933.25	932.204
1934.24	915.717
1935.23	911.23
1936.22	918.743
1937.21	888.756
1938.21	935.269
1939.2	884.783
1940.19	905.796
1941.18	909.809
1942.17	895.322
1943.16	896.835
1944.15	890.848
1945.14	917.361
1946.13	918.374
1947.11	913.387
1948.1	929.4
1949.09	936.413
1950.08	906.926
1951.07	916.939
1952.06	905.953
1953.05	892.466
1954.04	920.979
1955.02	914.492
1956.01	933.505
1957	936.018
1957.99	932.531
1958.98	910.544
1959.96	924.057
1960.95	913.57
1961.94	922.083
1962.92	926.096
1963.91	932.109
1964.9	917.122
1965.88	913.636
1966.87	915.149
1967.86	932.162
1968.84	914.675
1969.83	929.688
1970.81	917.201
1971.8	925.214
1972.79	936.727
1973.77	907.74
1974.76	923.753
1975.74	908.766
1976.72	918.779
1977.71	936.292
1978.69	913.306
1979.68	928.819
1980.66	886.832
1981.65	910.845
1982.63	917.858
1983.62	934.871
1984.6	882.884
1985.58	933.397
1986.56	895.91
1987.55	922.423
1988.53	917.936
1989.51	898.949
1990.5	897.963
1991.48	923.976
1992.46	909.489
1993.44	887.002
1994.43	906.015
1995.41	901.028
1996.39	902.041
1997.37	905.554
1998.35	889.067
1999.33	899.58
2000.32	911.093
2001.3	892.106
2002.28	888.119
2003.26	895.133
2004.24	848.146
2005.22	881.159
2006.2	878.672
2007.18	920.185
2008.16	883.698
2009.14	869.211
2010.12	888.224
2011.1	904.237
2012.08	866.25
2013.06	892.263
2014.04	900.776
2015.02	872.289
2015.99	872.802
2016.97	902.816
2017.95	883.829
2018.93	862.842
2019.91	881.355
2020.89	868.868
2021.86	881.381
2022.84	868.394
2023.82	870.407
2024.8	877.92
2025.77	888.433
2026.75	876.446
2027.73	877.959
2028.7	883.972
2029.68	856.486
2030.66	893.499
2031.63	879.512
2032.61	876.025
2033.59	873.038
2034.56	877.051
2035.54	877.564
2036.51	861.077
2037.49	899.59
2038.46	871.603
2039.44	891.616
2040.42	857.129
2041.39	840.642
2042.37	904.656
2043.34	868.669
2044.31	871.182
2045.29	884.695
2046.26	864.708
2047.24	859.221
2048.21	868.234
2049.18	883.747
2050.16	905.76
2051.13	891.773
2052.1	872.786
2053.08	890.799
2054.05	881.813
2055.02	877.826
2056	885.839
2056.97	872.852
2057.94	881.865
2058.91	864.878
2059.89	907.891
2060.86	893.904
2061.83	867.917
2062.8	895.43
2063.77	891.943
2064.74	861.456
2065.72	876.969
2066.69	892.482
2067.66	872.996
2068.63	888.509
2069.6	867.022
2070.57	896.035
2071.54	849.048
2072.51	895.061
2073.48	864.074
2074.45	880.087
2075.42	889.1
2076.39	895.613
2077.36	891.126
2078.33	882.139
2079.3	910.153
2080.26	889.166
2081.23	907.179
2082.2	895.692
2083.17	901.205
2084.14	871.218
2085.11	872.231
2086.08	856.244
2087.04	861.757
2088.01	887.27
2088.98	872.783
2089.95	877.296
2090.91	904.309
2091.88	903.822
2092.85	890.336
2093.81	901.349
2094.78	890.362
2095.75	890.375
2096.71	853.888
2097.68	864.901
2098.65	881.914
2099.61	901.427
2100.58	869.44
2101.54	873.453
2102.51	872.466
2103.48	878.979
2104.44	888.492
2105.41	870.505
2106.37	875.519
2107.34	867.032
2108.3	871.545
2109.26	897.058
2110.23	878.571
2111.19	883.084
2112.16	874.597
2113.12	861.61
2114.09	873.623
2115.05	887.636
2116.01	855.149
2116.98	884.162
2117.94	853.676
2118.9	873.689
2119.86	868.702
2120.83	865.215
2121.79	849.228
2122.75	868.741
2123.72	847.754
2124.68	879.267
2125.64	845.78
2126.6	856.793
2127.56	840.806
2128.53	867.319
2129.49	838.832
2130.45	861.846
2131.41	828.359
2132.37	856.872
2133.33	873.885
2134.29	833.398
2135.25	846.911
2136.21	856.424
2137.17	851.437
2138.13	845.95
2139.09	860.963
2140.05	827.976
2141.01	867.489
2141.97	851.003
2142.93	857.016
2143.89	839.529
2144.85	868.042
2145.81	850.555
2146.77	858.068
2147.73	849.081
2148.68	864.094
2149.64	839.107
2150.6	856.12
2151.56	858.133
2152.52	840.646
2153.48	831.659
2154.43	862.672
2155.39	884.186
2156.35	841.699
2157.3	855.712
2158.26	843.725
2159.22	859.238
2160.17	870.251
2161.13	852.264
2162.09	841.277
2163.04	861.79
2164	870.803
2164.96	843.316
2165.91	831.329
2166.87	856.342
2167.82	853.356
2168.78	834.369
2169.73	876.882
2170.69	857.395
2171.65	843.408
2172.6	847.421
2173.56	859.434
2174.51	840.947
2175.46	831.46
2176.42	852.973
2177.37	857.986
2178.33	829.499
2179.28	862.012
2180.23	796.525
2181.19	869.039
2182.14	845.052
2183.09	846.565
2184.05	843.078
2185	866.591
2185.95	851.104
2186.91	862.617
2187.86	811.63
2188.81	861.643
2189.76	859.156
2190.72	841.669
2191.67	823.682
2192.62	859.695
2193.57	840.709
2194.52	843.722
2195.47	865.735
2196.43	807.748
2197.38	837.761
2198.33	842.274
2199.28	846.787
2200.23	856.8
2201.18	832.313
2202.13	830.826
2203.08	831.839
2204.03	831.852
2204.98	828.865
2205.93	873.879
2206.88	835.892
2207.83	851.905
2208.78	859.918
2209.73	865.931
2210.68	797.944
2211.63	834.957
2212.57	828.97
2213.52	824.983
2214.47	846.996
2215.42	825.009
2216.37	827.022
2217.32	865.035
2218.26	810.049
2219.21	847.562
2220.16	829.075
2221.11	837.088
2222.05	844.101
2223	835.227
2223.95	841.182
2224.9	853.18
2225.84	829.989
2226.79	842.402
2227.74	839.419
2228.68	832.248
2229.63	836.652
2230.58	819.783
2231.52	816.173
2232.47	813.984
2233.41	811.291
2234.36	822.263
2235.3	802.35
2236.25	803.585
2237.19	827.729
2238.14	815.256
2239.08	800.168
2240.03	822.702
2240.97	818.235
2241.92	829.85
2242.86	830.966
2243.81	815.631
2244.75	824.505
2245.69	823.083
2246.64	819.21
2247.58	819.003
2248.52	833.821
2249.47	821.573
2250.41	818.431
2251.35	802.117
2252.3	802.39
2253.24	836.162
2254.18	823.977
2255.12	805.855
2256.07	809.449
2257.01	828.078
2257.95	831.521
2258.89	824.563
2259.83	821.726
2260.77	813.005
2261.72	818.279
2262.66	806.858
2263.6	826.176
2264.54	841.914
2265.48	824.703
2266.42	811.869
2267.36	824.836
2268.3	801.389
2269.24	817.896
2270.18	826.886
2271.12	839.707
2272.06	825.067
2273	823.92
2273.94	823.241
2274.88	815.471
2275.82	834.158
2276.76	845.997
2277.7	837.972
2278.64	821.031
2279.57	836.595
2280.51	813.851
2281.45	829.383
2282.39	834.341
2283.33	834.13
2284.27	837.386
2285.2	851.514
2286.14	829.932
2287.08	820.012
2288.02	832.065
2288.95	828.692
2289.89	850.034
2290.83	830.366
2291.77	808.934
2292.7	840.544
2293.64	825.445
2294.57	836.648
2295.51	821.678
2296.45	828.637
2297.38	830.837
2298.32	847.511
2299.25	853.936
2300.19	851.543
2301.13	841.331
2302.06	837.776
2303	845.95
2303.93	858.482
2304.87	855.335
2305.8	852.948
2306.74	830.19
2307.67	838.869
2308.6	845.819
2309.54	853.223
2310.47	866.579
2311.41	812.65
2312.34	825.302
2313.27	846.982
2314.21	843.809
2315.14	867.13
2316.07	827.017
2317.01	847.064
2317.94	848.605
2318.88	827.128
2319.81	843.152
2320.75	847.177
2321.69	864.701
2322.63	849.725
2323.56	843.249
2324.5	865.273
2325.44	850.298
2326.37	854.822
2327.31	856.346
2328.25	863.87
2329.18	874.394
2330.12	865.419
2331.05	841.943
2331.99	852.967
2332.93	863.491
2333.86	856.015
2334.8	823.039
2335.73	831.564
2336.67	837.588
2337.6	837.612
2338.54	851.136
2339.47	856.16
2340.41	838.185
2341.34	843.709
2342.27	834.233
2343.21	839.257
2344.14	823.781
2345.08	835.806
2346.01	853.33
2346.94	834.854
2347.88	843.378
2348.81	851.402
2349.74	830.927
2350.68	834.951
2351.61	840.975
2352.54	858.499
2353.47	837.023
2354.41	844.048
2355.34	837.572
2356.27	859.096
2357.2	842.12
2358.13	824.144
2359.07	829.669
2360	840.693
2360.93	832.717
2361.86	823.241
2362.79	806.765
2363.72	848.29
2364.65	822.314
2365.58	849.338
2366.51	833.362
2367.44	794.386
2368.38	849.911
2369.31	849.435
2370.24	842.459
2371.17	840.983
2372.1	814.507
2373.02	860.532
2373.95	805.056
2374.88	851.08
2375.81	808.604
2376.74	854.628
2377.67	803.152
2378.6	820.677
2379.53	831.701
2380.46	804.725
2381.39	833.249
2382.31	825.273
2383.24	814.798
2384.17	824.822
2385.1	829.346
2386.03	806.37
2386.95	831.894
2387.88	844.919
2388.81	819.443
2389.74	831.467
2390.66	820.491
2391.59	840.515
2392.52	821.04
2393.44	807.064
2394.37	810.088
2395.3	828.112
2396.22	817.636
2397.15	819.161
2398.07	830.685
2399	816.209
2399.92	824.233
2400.85	806.257
2401.78	837.781
2402.7	817.306
2403.63	842.33
2404.55	826.354
2405.48	848.378
2406.4	829.902
2407.33	834.427
2408.25	817.951
2409.17	846.475
2410.1	825.499
2411.02	837.523
2411.95	826.048
2412.87	828.072
2413.79	827.096
2414.72	835.62
2415.64	823.144
2416.56	842.669
2417.49	859.693
2418.41	822.717
2419.33	858.741
2420.26	835.765
2421.18	811.79
2422.1	847.814
2423.02	851.838
2423.94	801.862
2424.87	823.886
2425.79	825.911
2426.71	838.935
2427.63	842.959
2428.55	815.483
2429.47	821.007
2430.4	848.032
2431.32	844.056
2432.24	845.08
2433.16	817.104
2434.08	831.628
2435	815.653
2435.92	824.177
2436.84	833.201
2437.76	848.725
2438.68	839.749
2439.6	824.274
2440.52	840.798
2441.44	810.322
2442.36	847.346
2443.28	851.87
2444.2	847.394
2445.11	827.919
2446.03	844.443
2446.95	834.467
2447.87	837.491
2448.79	826.515
2449.71	848.04
2450.63	863.064
2451.54	838.088
2452.46	836.612
2453.38	838.636
2454.3	854.161
2455.21	810.685
2456.13	857.209
2457.05	812.233
2457.97	823.757
2458.88	857.782
2459.8	813.806
2460.72	832.83
2461.63	858.354
2462.55	813.878
2463.47	829.403
2464.38	834.927
2465.3	808.451
2466.21	802.975
2467.13	859.999
2468.04	821.024
2468.96	836.548
2469.88	813.072
2470.79	831.596
2471.71	767.12
2472.62	812.145
2473.53	828.169
2474.45	853.193
2475.36	811.217
2476.28	794.241
2477.19	841.266
2478.11	795.29
2479.02	837.314
2479.93	807.338
2480.85	801.362
2481.76	802.386
2482.68	805.411
2483.59	823.935
2484.5	826.459
2485.42	818.483
2486.33	797.507
2487.24	794.032
2488.15	841.056
2489.07	832.08
2489.98	826.104
2490.89	840.628
2491.8	831.153
2492.71	847.177
2493.63	805.201
2494.54	808.725
2495.45	801.749
2496.36	833.774
2497.27	815.798
2498.18	832.322
2499.09	807.846
2500	769.87
2500.92	846.895
2501.83	802.919
2502.74	827.943
2503.65	820.467
2504.56	826.491
2505.47	820.015
2506.38	826.04
2507.29	778.064
2508.2	805.088
2509.11	796.112
2510.02	815.136
2510.92	811.161
2511.83	803.185
2512.74	817.209
2513.65	832.233
2514.56	829.258
2515.47	814.282
2516.38	780.306
2517.29	797.33
2518.19	818.354
2519.1	813.378
2520.01	807.403
2520.92	792.427
2521.82	821.451
2522.73	795.475
2523.64	801.999
2524.55	801.524
2525.45	812.048
2526.36	826.572
2527.27	783.596
2528.18	829.12
2529.08	818.645
2529.99	806.669
2530.89	773.693
2531.8	800.717
2532.71	844.241
2533.61	813.766
2534.52	822.29
2535.42	817.314
2536.33	819.338
2537.23	796.362
2538.14	784.886
2539.04	764.911
2539.95	823.435
2540.85	800.459
2541.76	801.983
2542.66	797.007
2543.57	795.532
2544.47	814.056
2545.38	813.08
2546.28	809.604
2547.18	806.128
2548.09	803.653
2548.99	813.177
2549.9	826.701
2550.8	806.725
2551.7	799.249
2552.61	805.274
2553.51	811.298
2554.41	801.322
2555.31	828.346
2556.22	802.37
2557.12	827.395
2558.02	815.419
2558.92	816.943
2559.83	831.467
2560.73	818.991
2561.63	793.516
2562.53	792.04
2563.43	817.064
2564.33	795.088
2565.23	816.612
2566.14	825.637
2567.04	801.661
2567.94	796.185
2568.84	793.209
2569.74	826.233
2570.64	832.757
2571.54	823.282
2572.44	793.306
2573.34	827.83
2574.24	816.354
2575.14	811.879
2576.04	822.403
2576.94	827.927
2577.84	833.451
2578.74	823.975
2579.64	815.499
2580.54	827.024
2581.44	831.548
2582.33	800.072
2583.23	827.096
2584.13	807.62
2585.03	818.145
2585.93	840.169
2586.83	812.693
2587.72	836.717
2588.62	830.241
2589.52	804.266
2590.42	805.79
2591.31	802.814
2592.21	816.838
2593.11	816.362
2594.01	797.387
2594.9	814.911
2595.8	829.935
2596.7	820.459
2597.59	822.483
2598.49	808.008
2599.38	821.532
2600.28	814.556
2601.18	824.58
2602.07	810.104
2602.97	796.628
2603.86	797.153
2604.76	807.677
2605.65	805.701
2606.55	800.725
2607.45	796.25
2608.34	809.774
2609.23	796.798
2610.13	822.822
2611.02	784.346
2611.92	804.87
2612.81	788.895
2613.71	795.919
2614.6	818.443
2615.5	823.467
2616.39	811.991
2617.28	805.016
2618.18	812.29
2619.07	819.564
2619.96	815.088
2620.86	801.112
2621.75	795.137
2622.64	805.161
2623.53	786.685
2624.43	815.209
2625.32	785.233
2626.21	810.258
2627.1	815.782
2628	793.806
2628.89	782.33
2629.78	773.354
2630.67	801.379
2631.56	761.403
2632.45	803.927
2633.35	786.451
2634.24	793.975
2635.13	794
2636.02	804.024
2636.91	774.548
2637.8	761.572
2638.69	795.596
2639.58	788.121
2640.47	788.645
2641.36	780.669
2642.25	769.693
2643.14	750.217
2644.03	741.741
2644.92	811.266
2645.81	777.79
2646.7	803.314
2647.59	771.338
2648.48	797.862
2649.37	786.387
2650.25	765.411
2651.14	788.435
2652.03	788.959
2652.92	791.983
2653.81	758.008
2654.7	758.032
2655.58	770.056
2656.47	780.58
2657.36	788.104
2658.25	793.629
2659.13	772.153
2660.02	768.177
2660.91	768.701
2661.8	772.225
2662.68	780.75
2663.57	783.274
2664.46	776.298
2665.34	812.822
2666.23	766.846
2667.12	792.871
2668	749.395
2668.89	761.419
2669.78	756.443
2670.66	789.967
2671.55	772.491
2672.43	804.516
2673.32	770.54
2674.2	768.064
2675.09	780.588
2675.97	781.612
2676.86	792.137
2677.74	767.661
2678.63	768.185
2679.51	778.709
2680.4	760.734
2681.28	775.758
2682.16	771.782
2683.05	767.806
2683.93	776.33
2684.82	777.854
2685.7	778.879
2686.58	790.403
2687.47	780.927
2688.35	761.951
2689.23	789.475
2690.12	768
2691	802.524
2691.88	760.048
2692.76	797.572
2693.65	784.096
2694.53	781.121
2695.41	790.145
2696.29	795.169
2697.18	761.693
2698.06	771.217
2698.94	758.242
2699.82	778.266
2700.7	778.29
2701.58	788.314
2702.46	786.838
2703.35	758.362
2704.23	796.387
2705.11	795.411
2705.99	790.435
2706.87	785.459
2707.75	767.483
2708.63	753.508
2709.51	786.532
2710.39	800.056
2711.27	772.08
2712.15	796.104
2713.03	790.129
2713.91	797.653
2714.79	760.677
2715.67	795.701
2716.55	771.225
2717.42	787.75
2718.3	784.774
2719.18	771.798
2720.06	760.822
2720.94	768.846
2721.82	779.371
2722.7	778.395
2723.57	767.919
2724.45	800.443
2725.33	782.967
2726.21	796.992
2727.08	771.516
2727.96	773.54
2728.84	781.564
2729.72	770.588
2730.59	800.613
2731.47	792.137
2732.35	774.661
2733.22	782.185
2734.1	788.209
2734.98	767.234
2735.85	772.758
2736.73	761.282
2737.61	784.306
2738.48	745.33
2739.36	791.354
2740.23	734.379
2741.11	791.403
2741.98	757.927
2742.86	773.451
2743.73	735.475
2744.61	760.5
2745.49	762.524
2746.36	752.548
2747.23	776.572
2748.11	767.596
2748.98	735.621
2749.86	778.145
2750.73	757.169
2751.61	734.693
2752.48	759.217
2753.35	764.242
2754.23	752.266
2755.1	781.29
2755.97	774.814
2756.85	735.838
2757.72	738.863
2758.59	754.387
2759.47	752.911
2760.34	766.435
2761.21	783.959
2762.08	763.483
2762.96	747.508
2763.83	755.032
2764.7	747.556
2765.57	770.08
2766.44	768.604
2767.32	780.629
2768.19	765.153
2769.06	764.677
2769.93	747.201
2770.8	763.225
2771.67	770.75
2772.54	756.774
2773.41	743.298
2774.29	744.822
2775.16	720.346
2776.03	719.371
2776.9	761.895
2777.77	744.919
2778.64	718.443
2779.51	732.967
2780.38	721.992
2781.25	743.016
2782.12	733.54
2782.99	760.564
2783.86	761.588
2784.72	746.113
2785.59	731.137
2786.46	745.661
2787.33	743.685
2788.2	759.209
2789.07	747.234
2789.94	745.758
2790.81	741.782
2791.67	754.806
2792.54	750.33
2793.41	757.855
2794.28	716.879
2795.14	717.903
2796.01	749.927
2796.88	744.451
2797.75	761.976
2798.61	746
2799.48	724.024
2800.35	749.048
2801.21	748.072
2802.08	765.096
2802.95	767.121
2803.82	753.145
2804.68	741.169
2805.55	752.193
2806.41	741.217
2807.28	755.242
2808.15	744.266
2809.01	731.29
2809.88	737.314
2810.74	748.588
2811.61	749.863
2812.47	730.887
2813.34	753.911
2814.2	765.435
2815.07	762.959
2815.93	767.484
2816.8	757.508
2817.66	756.532
2818.52	741.556
2819.39	769.08
2820.25	777.605
2821.12	765.629
2821.98	754.653
2822.84	755.677
2823.71	743.701
2824.57	761.726
2825.43	770.75
2826.3	749.274
2827.16	725.798
2828.02	768.822
2828.89	764.847
2829.75	755.871
2830.61	755.395
2831.47	743.419
2832.34	750.943
2833.2	738.468
2834.06	760.492
2834.92	769.016
2835.78	748.04
2836.65	764.064
2837.51	763.089
2838.37	769.613
2839.23	739.137
2840.09	761.161
2840.95	743.685
2841.81	734.209
2842.68	753.734
2843.54	750.758
2844.4	745.282
2845.26	743.806
2846.12	771.33
2846.98	758.855
2847.84	736.379
2848.7	749.403
2849.56	731.427
2850.42	757.451
2851.28	709.476
2852.14	751.5
2852.99	757.524
2853.85	741.048
2854.71	738.572
2855.57	741.596
2856.43	749.121
2857.29	751.645
2858.15	712.669
2859.01	738.693
2859.86	765.218
2860.72	738.742
2861.58	741.766
2862.44	729.79
2863.3	753.314
2864.15	756.588
2865.01	754.363
2865.87	734.887
2866.73	736.911
2867.58	735.935
2868.44	728.959
2869.3	729.484
2870.16	706.008
2871.01	702.032
2871.87	690.056
2872.73	740.58
2873.58	722.105
2874.44	726.629
2875.29	743.153
2876.15	723.177
2877.01	712.701
2877.86	727.226
2878.72	729.25
2879.57	706.274
2880.43	717.298
2881.28	749.322
2882.14	711.847
2882.99	747.871
2883.85	713.895
2884.7	715.919
2885.56	708.943
2886.41	708.467
2887.27	719.992
2888.12	727.516
2888.97	731.04
2889.83	726.564
2890.68	739.089
2891.54	724.113
2892.39	701.137
2893.24	722.161
2894.1	722.685
2894.95	722.209
2895.8	732.734
2896.66	706.258
2897.51	708.782
2898.36	729.806
2899.21	715.83
2900.07	677.855
2900.92	711.879
2901.77	710.903
2902.62	715.927
2903.48	705.951
2904.33	707.476
2905.18	711
2906.03	731.024
2906.88	727.548
2907.73	717.572
2908.59	707.097
2909.44	705.121
2910.29	719.145
2911.14	700.669
2911.99	717.193
2912.84	690.218
2913.69	706.242
2914.54	702.266
2915.39	683.29
2916.24	699.314
2917.09	701.839
2917.94	703.363
2918.79	717.387
2919.64	729.411
2920.49	713.435
2921.34	726.459
2922.19	699.484
2923.04	715.508
2923.89	711.032
2924.74	713.556
2925.59	704.58
2926.43	723.605
2927.28	709.129
2928.13	728.153
2928.98	695.677
2929.83	728.701
2930.68	720.226
2931.52	693.25
2932.37	728.774
2933.22	735.298
2934.07	716.822
2934.92	699.347
2935.76	736.371
2936.61	742.895
2937.46	726.919
2938.3	703.443
2939.15	703.468
2940	718.492
2940.84	721.016
2941.69	727.54
2942.54	731.564
2943.38	718.089
2944.23	732.613
2945.08	701.137
2945.92	699.661
2946.77	735.185
2947.61	708.71
2948.46	695.234
2949.3	704.758
2950.15	719.282
2950.99	719.806
2951.84	731.331
2952.68	720.355
2953.53	726.879
2954.37	708.403
2955.22	702.427
2956.06	704.451
2956.91	696.476
2957.75	705.5
2958.6	723.024
2959.44	714.548
2960.28	700.572
2961.13	690.597
2961.97	694.621
2962.81	725.145
2963.66	681.669
2964.5	705.193
2965.34	702.718
2966.19	676.742
2967.03	701.766
2967.87	707.79
2968.72	727.814
2969.56	692.339
2970.4	703.863
2971.24	694.387
2972.08	685.411
2972.93	711.435
2973.77	715.96
2974.61	689.984
2975.45	710.508
2976.29	673.032
2977.14	689.056
2977.98	704.081
2978.82	709.605
2979.66	704.629
2980.5	688.153
2981.34	711.177
2982.18	697.202
2983.02	671.226
2983.86	715.25
2984.7	689.274
2985.54	702.298
2986.38	687.322
2987.22	705.347
2988.06	701.871
2988.9	707.395
2989.74	699.419
2990.58	705.943
2991.42	700.968
2992.26	711.992
2993.1	701.016
2993.94	705.54
2994.78	697.064
2995.62	704.589
2996.46	681.613
2997.29	701.637
2998.13	673.661
2998.97	681.185
2999.81	676.71
3000.65	699.734
3001.48	683.758
3002.32	671.282
3003.16	695.806
3004	683.831
3004.84	668.855
3005.67	678.879
3006.51	681.403
3007.35	706.927
3008.18	647.952
3009.02	671.976
3009.86	671
3010.69	675.024
3011.53	673.548
3012.37	703.073
3013.2	663.597
3014.04	671.121
3014.88	680.145
3015.71	688.169
3016.55	652.194
3017.38	658.218
3018.22	698.242
3019.05	657.266
3019.89	686.79
3020.72	665.314
3021.56	668.339
3022.39	676.363
3023.23	640.387
3024.06	666.911
3024.9	674.935
3025.73	681.46
3026.57	669.484
3027.4	673.508
3028.24	672.532
3029.07	663.556
3029.9	678.581
3030.74	688.605
3031.57	670.629
3032.4	662.653
3033.24	674.677
3034.07	674.702
3034.9	644.726
3035.74	680.75
3036.57	666.774
3037.4	664.298
3038.23	672.323
3039.07	669.347
3039.9	681.371
3040.73	681.895
3041.57	666.419
3042.4	668.943
3043.23	655.468
3044.06	653.113
3044.89	688.005
3045.72	667.866
3046.56	659.514
3047.39	670.876
3048.22	664.728
3049.05	669.051
3049.88	676.803
3050.71	678.759
3051.54	660.602
3052.37	667.8
3053.2	662.154
3054.03	655.637
3054.86	643.527
3055.69	665.199
3056.52	674.211
3057.35	669.248
3058.18	681.448
3059.01	669.663
3059.84	660.014
3060.67	671.229
3061.5	670.906
3062.33	646.821
3063.16	659.973
3063.99	666.173
3064.82	648.887
3065.65	679.273
3066.48	681.703
3067.3	665.223
3068.13	657.828
3068.96	644.284
3069.79	670.667
3070.62	668.875
3071.44	651.12
3072.27	661.918
3073.1	663.315
3073.93	670.425
3074.76	652.503
3075.58	671.921
3076.41	649.221
3077.24	665.289
3078.06	663.92
3078.89	663.344
3079.72	663.655
3080.54	665.922
3081.37	658.167
3082.2	656.283
3083.02	655.819
3083.85	661.683
3084.68	656.483
3085.5	662.802
3086.33	663.164
3087.15	654.07
3087.98	661.614
3088.8	654.661
3089.63	656.19
3090.46	659.279
3091.28	653.988
3092.1	651.175
3092.93	644.037
3093.75	660.636
3094.58	665.256
3095.4	660.111
3096.23	652.059
3097.05	645.502
3097.88	645.567
3098.7	662.388
3099.52	662.711
3100.35	650.741
3101.17	656.862
3102	652.427
3102.82	650.116
3103.64	642.024
3104.47	639.379
3105.29	652.85
3106.11	632.733
3106.94	647.298
3107.76	646.529
3108.58	650.297
3109.4	657.586
3110.23	652.017
3111.05	651.589
3111.87	635.333
3112.69	641.499
3113.51	635.808
3114.34	644.74
3115.16	658.38
3115.98	656.129
3116.8	646.621
3117.62	627.445
3118.44	621.52
3119.26	646.556
3120.08	656.968
3120.91	638.682
3121.73	648.87
3122.55	659.568
3123.37	653.121
3124.19	641.008
3125.01	638.49
3125.83	645.992
3126.65	634.574
3127.47	627.503
3128.13	634.32
3128.96	618.822
3129.78	632.824
3130.61	642.326
3131.43	632.828
3132.25	615.83
3133.08	639.832
3133.9	639.834
3134.72	640.836
3135.55	631.338
3136.37	644.339
3137.19	642.841
3138.02	616.843
3138.84	621.845
3139.66	624.847
3140.49	601.849
3141.31	663.351
3142.13	634.853
3142.95	617.855
3143.77	624.857
3144.6	628.859
3145.42	620.36
3146.24	613.862
3147.06	592.864
3147.89	625.866
3148.71	639.368
3149.53	622.87
3150.35	624.872
3151.17	637.874
3151.99	631.876
3152.81	652.878
3153.63	623.379
3154.45	625.381
3155.27	607.883
3156.09	622.885
3156.92	595.887
3157.74	620.389
3158.56	622.891
3159.38	640.893
3160.2	626.895
3161.02	612.897
3161.83	634.898
3162.65	622.9
3163.47	557.902
3164.29	617.904
3165.11	623.906
3165.93	608.408
3166.75	627.91
3167.57	600.912
3168.39	627.914
3169.21	590.916
3170.03	627.917
3170.84	609.919
3171.66	624.921
3172.48	597.423
3173.3	609.425
3174.12	628.427
3174.93	613.929
3175.75	611.431
3176.57	608.933
3177.39	626.935
3178.21	622.937
3179.02	604.938
3179.84	607.44
3180.66	631.442
3181.47	624.444
3182.29	605.946
3183.11	608.448
3183.92	612.95
3184.74	619.452
3185.56	617.954
3186.37	603.456
3187.19	598.957
3188	625.959
3188.82	599.961
3189.64	617.963
3190.45	618.465
3191.27	600.967
3192.08	610.469
3192.9	609.471
3193.71	620.473
3194.53	609.475
3195.34	617.976
3196.16	617.978
3196.97	600.98
3197.79	608.982
3198.6	617.984
3199.42	598.486
3200.23	597.988
3201.05	597.99
3201.86	597.992
3202.67	634.494
3203.49	594.995
3204.3	612.997
3205.12	615.999
3205.93	603.001
3206.74	617.503
3207.56	582.005
3208.37	619.007
3209.18	618.009
3209.99	623.511
3210.81	615.513
3211.62	620.515
3212.43	597.016
3213.25	619.518
3214.06	574.02
3214.87	613.022
3215.68	602.024
3216.49	577.526
3217.31	585.028
3218.12	592.03
3218.93	613.032
3219.74	598.034
3220.55	588.535
3221.36	608.037
3222.17	601.039
3222.99	607.541
3223.8	582.043
3224.61	614.045
3225.42	587.047
3226.23	593.049
3227.04	562.051
3227.85	608.053
3228.66	591.054
3229.47	598.556
3230.28	606.558
3231.09	632.06
3231.9	590.562
3232.71	596.064
3233.52	573.066
3234.33	573.068
3235.14	593.07
3235.95	601.072
3236.76	579.073
3237.57	583.575
3238.38	604.077
3239.19	592.579
3239.99	600.581
3240.8	601.083
3241.61	591.085
3242.42	569.587
3243.23	600.089
3244.04	567.091
3244.84	600.093
3245.65	598.094
3246.46	583.096
3247.27	572.098
3248.08	595.6
3248.88	565.102
3249.69	593.604
3250.5	591.606
3251.3	569.108
3252.11	592.61
3252.92	598.612
3253.73	583.113
3254.53	583.115
3255.34	578.117
3256.15	611.119
3256.95	580.621
3257.76	586.123
3258.56	592.625
3259.37	594.627
3260.18	585.129
3260.98	591.63
3261.79	591.132
3262.59	565.634
3263.4	576.636
3264.2	564.638
3265.01	578.14
3265.82	567.142
3266.62	528.144
3267.42	567.146
3268.23	589.148
3269.03	592.65
3269.84	597.651
3270.64	582.653
3271.45	584.155
3272.25	577.157
3273.06	584.159
3273.86	569.661
3274.66	576.663
3275.47	578.165
3276.27	584.667
3277.08	554.169
3277.88	573.17
3278.68	574.672
3279.48	589.174
3280.29	571.676
3281.09	565.178
3281.89	563.18
3282.7	594.682
3283.5	569.184
3284.3	561.686
3285.1	549.188
3285.91	588.69
3286.71	565.191
3287.51	581.193
3288.31	561.195
3289.12	578.197
3289.92	581.699
3290.72	564.201
3291.52	575.203
3292.32	581.205
3293.12	568.207
3293.92	553.208
3294.73	561.71
3295.53	577.212
3296.33	582.214
3297.13	558.716
3297.93	585.718
3298.73	579.72
3299.53	576.222
3300.33	574.224
3301.13	547.226
3301.93	537.228
3302.73	589.229
3303.53	544.231
3304.33	551.233
3305.13	552.235
3305.93	571.237
3306.73	566.739
3307.53	572.241
3308.33	566.243
3309.13	554.745
3309.93	551.247
3310.73	561.748
3311.52	545.25
3312.32	574.252
3313.12	551.754
3313.92	553.256
3314.72	582.258
3315.52	562.26
3316.31	563.262
3317.11	560.764
3317.91	562.766
3318.71	582.267
3319.51	542.769
3320.3	542.771
3321.1	547.273
3321.9	548.775
3322.7	575.777
3323.49	534.279
3324.29	556.281
3325.09	542.283
3325.88	557.785
3326.68	555.286
3327.48	570.288
3328.27	532.29
3329.07	558.292
3329.87	557.794
3330.66	556.296
3331.46	551.298
3332.25	550.8
3333.05	566.802
3333.84	532.304
3334.64	559.306
3335.44	580.807
3336.23	536.309
3337.03	559.311
3337.82	549.313
3338.62	562.315
3339.41	527.317
3340.21	556.319
3341	538.321
3341.8	551.323
3342.59	577.825
3343.39	527.826
3344.18	536.828
3344.97	541.83
3345.77	539.332
3346.56	542.834
3347.35	555.336
3348.15	546.838
3348.94	560.34
3349.74	527.342
3350.53	533.344
3351.32	546.846
3352.12	539.347
3352.91	548.849
3353.7	549.851
3354.49	524.353
3355.29	550.355
3356.08	537.357
3356.87	527.859
3357.66	528.361
3358.46	549.863
3359.25	553.365
3360.04	554.366
3360.83	548.868
3361.62	560.37
3362.42	511.372
3363.21	541.874
3364	538.376
3364.79	560.378
3365.58	510.38
3366.37	536.882
3367.16	547.884
3367.96	548.885
3368.75	545.387
3369.54	569.889
3370.33	535.391
3371.12	545.393
3371.91	542.895
3372.7	549.397
3373.49	552.399
3374.28	544.401
3375.07	515.903
3375.86	538.904
3376.65	539.406
3377.44	539.408
3378.23	543.91
3379.02	534.412
3379.81	533.414
3380.6	540.416
3381.38	538.418
3382.17	568.42
3382.96	527.422
3383.75	545.423
3384.54	517.425
3385.33	544.427
3386.12	532.429
3386.91	514.431
3387.69	537.933
3388.48	524.435
3389.27	538.937
3390.06	531.439
3390.85	553.441
3391.63	547.693
3392.42	541.944
3393.21	559.946
3394	546.948
3394.78	549.45
3395.57	541.952
3396.36	538.954
3397.14	510.956
3397.93	538.458
3398.72	521.46
3399.5	526.462
3400.29	528.463
3401.08	519.465
3401.86	544.967
3402.65	522.469
3403.44	537.471
3404.22	541.473
3405.01	517.475
3405.79	540.977
3406.58	538.979
3407.36	524.481
3408.15	537.482
3408.93	528.484
3409.72	512.486
3410.5	534.488
3411.29	534.49
3412.07	534.492
3412.86	515.494
3413.64	542.496
3414.43	525.998
3415.21	511.5
3416	521.501
3416.78	526.503
3417.57	508.505
3418.35	510.507
3419.13	533.509
3419.92	523.511
3420.7	532.513
3421.48	534.015
3422.27	537.017
3423.05	516.019
3423.83	517.521
3424.62	506.022
3425.4	522.524
3426.18	510.526
3426.97	518.028
3427.75	530.53
3428.53	524.532
3429.31	493.534
3430.1	545.536
3430.88	535.538
3431.66	514.54
3432.44	512.541
3433.22	514.043
3434.01	499.045
3434.79	515.547
3435.57	498.549
3436.35	532.551
3437.13	503.553
3437.91	518.555
3438.7	509.557
3439.48	518.059
3440.26	512.06
3441.04	513.562
3441.82	491.564
3442.6	488.566
3443.38	506.568
3444.16	505.07
3444.94	525.572
3445.72	492.074
3446.5	494.576
3447.28	513.578
3448.06	502.079
3448.84	529.081
3449.62	495.083
3450.4	502.585
3451.18	512.587
3451.96	507.589
3452.74	514.591
3453.52	517.593
3454.3	499.595
3455.07	487.097
3455.85	509.099
3456.63	494.1
3457.41	530.102
3458.19	494.104
3458.97	472.606
3459.75	489.608
3460.52	502.61
3461.3	497.112
3462.08	497.114
3462.86	489.116
3463.64	486.617
3464.41	484.619
3465.19	497.621
3465.97	502.123
3466.75	497.625
3467.52	495.627
3468.3	489.629
3469.08	498.631
3469.85	492.633
3470.63	493.135
3471.41	502.137
3472.18	514.638
3472.96	490.14
3473.74	483.642
3474.51	494.144
3475.29	512.646
3476.06	475.648
3476.84	494.15
3477.62	497.152
3478.39	483.654
3479.17	507.656
3479.94	482.157
3480.72	479.659
3481.49	482.161
3482.27	483.663
3483.04	478.665
3483.82	494.667
3484.59	492.669
3485.37	504.671
3486.14	493.673
3486.92	472.675
3487.69	492.676
3488.47	499.178
3489.24	493.18
3490.01	506.182
3490.79	478.684
3491.56	499.186
3492.34	503.688
3493.11	495.69
3493.88	494.692
3494.66	477.194
3495.43	496.695
3496.2	483.697
3496.98	515.699
3497.75	496.201
3498.52	518.203
3499.3	492.705
3500.07	474.707
3500.84	501.709
3501.61	505.211
3502.39	485.713
3503.16	492.715
3503.93	501.716
3504.7	496.718
3505.48	498.72
3506.25	483.722
3507.02	476.224
3507.79	496.226
3508.56	494.728
3509.33	509.73
3510.1	471.732
3510.88	495.234
3511.65	506.235
3512.42	506.737
3513.19	505.739
3513.96	495.741
3514.73	481.243
3515.5	504.745
3516.27	498.247
3517.04	495.249
3517.81	490.751
3518.58	484.753
3519.35	486.754
3520.12	492.256
3520.89	468.758
3521.66	467.76
3522.43	508.762
3523.2	493.764
3523.97	486.766
3524.74	506.268
3525.51	496.27
3526.28	492.772
3527.05	507.273
3527.82	492.775
3528.59	493.777
3529.35	489.779
3530.12	467.781
3530.89	491.783
3531.66	497.285
3532.43	501.787
3533.2	460.789
3533.96	471.791
3534.73	494.293
3535.5	495.794
3536.27	478.296
3537.03	505.798
3537.8	459.8
3538.57	492.302
3539.34	494.804
3540.1	498.806
3540.87	489.808
3541.64	486.81
3542.4	490.812
3543.17	472.813
3543.94	486.815
3544.71	478.817
3545.47	481.319
3546.24	472.821
3547	471.823
3547.77	481.825
3548.54	483.827
3549.3	479.829
3550.07	490.331
3550.83	473.832
3551.6	480.834
3552.37	478.836
3553.13	488.838
3553.9	471.84
3554.66	477.342
3555.43	465.844
3556.19	462.346
3556.96	468.848
3557.72	487.35
3558.49	481.352
3559.25	476.353
3560.01	456.855
3560.78	447.857
3561.54	458.859
3562.31	468.861
3563.07	474.863
3563.84	485.365
3564.6	457.367
3565.36	471.869
3566.13	472.371
3566.89	466.872
3567.65	486.374
3568.42	456.876
3569.18	450.878
3569.94	454.38
3570.71	476.882
3571.47	484.884
3572.23	494.386
3573	450.888
3573.76	448.89
3574.52	476.891
3575.28	479.393
3576.04	453.895
3576.81	462.897
3577.57	457.399
3578.33	458.401
3579.09	454.903
3579.85	476.405
3580.62	449.407
3581.38	456.909
3582.14	467.91
3582.9	455.912
3583.66	464.914
3584.42	462.416
3585.18	471.918
3585.95	436.92
3586.71	454.922
3587.47	465.924
3588.23	449.926
3588.99	436.428
3589.75	465.93
3590.51	466.431
3591.27	456.933
3592.03	452.935
3592.79	458.937
3593.55	452.439
3594.31	470.441
3595.07	462.443
3595.83	447.945
3596.59	451.947
3597.35	446.949
3598.11	463.45
3598.87	457.952
3599.62	456.454
3600.38	448.956
3601.14	448.958
3601.9	460.96
3602.66	447.462
3603.42	463.464
3604.18	469.466
3604.93	450.968
3605.69	457.995
3606.45	429.022
3607.21	456.55
3607.97	456.077
3608.72	456.854
3609.48	457.632
3610.24	438.159
3611	462.687
3611.75	463.714
3612.51	467.241
3613.27	452.269
3614.03	439.296
3614.78	458.324
3615.54	459.851
3616.3	452.878
3617.05	442.406
3617.81	437.433
3618.57	446.961
3619.32	451.488
3620.08	438.515
3620.84	459.543
3621.59	455.57
3622.35	437.598
3623.1	444.625
3623.86	460.152
3624.61	449.68
3625.37	444.207
3626.13	462.234
3626.88	457.262
3627.64	435.289
3628.39	471.817
3629.15	420.844
3629.9	477.871
3630.66	455.899
3631.41	447.926
3632.17	474.454
3632.92	466.981
3633.67	442.008
3634.43	467.536
3635.18	457.063
3635.94	446.591
3636.69	466.618
3637.45	442.145
3638.2	443.173
3638.95	454.2
3639.71	450.228
3640.46	460.755
3641.21	452.282
3641.97	466.31
3642.72	439.837
3643.47	446.365
3644.23	457.392
3644.98	464.419
3645.73	451.947
3646.48	462.474
3647.24	462.501
3647.99	458.529
3648.74	452.556
3649.49	450.584
3650.25	450.611
3651	457.138
3651.75	425.666
3652.5	439.693
3653.25	426.721
3654	454.748
3654.76	437.775
3655.51	439.303
3656.26	443.33
3657.01	462.858
3657.76	456.885
3658.51	439.412
3659.26	437.94
3660.01	455.967
3660.76	446.494
3661.52	453.522
3662.27	445.549
3663.02	454.077
3663.77	461.104
3664.52	455.131
3665.27	453.159
3666.02	442.186
3666.77	442.214
3667.52	466.241
3668.27	454.268
3669.02	453.796
3669.76	443.323
3670.51	445.351
3671.26	453.378
3672.01	431.405
3672.76	422.433
3673.51	455.46
3674.26	419.988
3675.01	443.515
3675.76	438.042
3676.51	449.57
3677.25	439.597
3678	432.624
3678.75	442.152
3679.5	441.679
3680.25	429.707
3680.99	445.234
3681.74	426.761
3682.49	439.789
3683.24	443.816
3683.99	432.844
3684.73	410.871
3685.48	411.898
3686.23	431.926
3686.98	432.953
3687.72	433.481
3688.47	435.008
3689.22	452.035
3689.96	420.063
3690.71	432.09
3691.46	437.618
3692.2	429.145
3692.95	411.172
3693.7	425.7
3694.44	424.227
3695.19	436.754
3695.93	440.782
3696.68	428.809
3697.42	428.837
3698.17	434.364
3698.92	421.391
3699.66	430.419
3700.41	430.446
3701.15	414.474
3701.9	425.001
3702.64	420.028
3703.39	424.556
3704.13	408.583
3704.88	424.611
3705.62	430.638
3706.37	432.165
3707.11	420.693
3707.85	411.72
3708.6	399.747
3709.34	432.775
3710.09	437.802
3710.83	425.33
3711.57	412.857
3712.32	400.884
3713.06	401.912
3713.8	424.439
3714.55	422.467
3715.29	432.494
3716.03	409.021
3716.78	433.049
3717.52	402.076
3718.26	441.604
3719.01	417.131
3719.75	419.158
3720.49	422.186
3721.23	419.713
3721.98	424.241
3722.72	420.268
3723.46	419.295
3724.2	413.323
3724.94	426.35
3725.69	449.378
3726.43	433.405
3727.17	417.432
3727.91	419.96
3728.65	435.987
3729.39	415.514
3730.14	421.542
3730.88	430.569
3731.62	435.097
3732.36	399.624
3733.1	421.151
3733.84	421.679
3734.58	415.706
3735.32	415.734
3736.06	429.761
3736.8	419.288
3737.54	386.816
3738.28	423.843
3739.02	440.871
3739.76	419.898
3740.5	413.925
3741.24	417.953
3741.98	409.98
3742.72	406.007
3743.46	429.535
3744.2	434.062
3744.94	398.59
3745.68	435.117
3746.42	412.644
3747.16	410.172
3747.9	413.699
3748.64	411.227
3749.37	416.254
3750.11	413.281
3750.85	429.309
3751.59	412.336
3752.33	404.364
3753.07	418.391
3753.8	417.418
3754.54	424.946
3755.28	414.973
3756.02	418.001
3756.75	443.028
3757.49	397.555
3758.23	416.583
3758.97	428.11
3759.71	426.137
3760.44	429.665
3761.18	425.192
3761.92	416.72
3762.65	409.247
3763.39	428.774
3764.13	383.802
3764.86	417.829
3765.6	419.357
3766.34	401.884
3767.07	415.911
3767.81	413.939
3768.54	424.466
3769.28	400.549
3770.02	408.236
3770.75	417.364
3771.49	427.827
3772.22	384.216
3772.96	414.374
3773.69	395.318
3774.43	410.63
3775.16	423.237
3775.9	414.929
3776.63	411.766
3777.37	392.477
3778.1	393.189
3778.84	398.6
3779.57	390.787
3780.31	401.74
3781.04	410.167
3781.78	420.835
3782.51	412.544
3783.24	397.816
3783.98	415.59
3784.71	413.414
3785.45	417.822
3786.18	406.736
3786.91	407.629
3787.65	421.324
3788.38	421.456
3789.11	417.863
3789.85	410.008
3790.58	397.274
3791.31	399.014
3792.05	395.876
3792.78	415.026
3793.51	409.564
3794.24	411.605
3794.98	412.982
3795.71	399.359
3796.44	396.617
3797.17	407.599
3797.91	406.927
3798.64	400.593
3799.37	416.204
3800.1	401.822
3800.83	395.841
3801.56	402.097
3802.3	409.5
3803.03	388.484
3803.76	410.257
3804.49	404.244
3805.22	399.646
3805.95	399.446
3806.68	389.849
3807.41	397.584
3808.14	406.881
3808.87	397.353
3809.6	410.732
3810.34	403.531
3811.07	393.062
3811.8	401.318
3812.53	390.191
3813.26	390.792
3813.99	390.81
3814.72	401.198
3815.45	393.872
3816.18	400.794
3816.91	392.653
3817.63	397.378
3818.36	391.444
3819.09	392.799
3819.82	395.811
3820.55	397.128
3821.28	387.162
3822.01	389.235
3822.74	405.86
3823.47	405.588
3824.19	404.759
3824.92	404.327
3825.65	388.386
3826.38	396.368
3827.11	395.118
3827.84	404.223
3828.56	398.999
3829.29	392.082
3830.02	398.988
3830.75	392.465
3831.47	399.268
3832.2	393.497
3832.93	392.05
3833.66	395.227
3834.38	393.727
3835.11	386.142
3835.84	390.353
3836.56	386.773
3837.29	387.752
3838.02	377.766
3838.75	389.695
3839.47	395.059
3840.2	382.026
3840.92	383.694
3841.65	398.02
3841.86	402.938
3842.59	365.941
3843.32	395.443
3844.05	377.945
3844.78	388.948
3845.51	381.95
3846.24	384.953
3846.97	386.955
3847.7	369.957
3848.43	389.96
3849.16	393.462
3849.89	379.965
3850.62	388.967
3851.35	375.969
3852.08	368.972
3852.81	390.974
3853.53	392.977
3854.26	392.479
3854.99	382.981
3855.72	402.484
3856.45	397.986
3857.18	384.989
3857.91	373.991
3858.63	374.993
3859.36	364.996
3860.09	388.498
3860.82	374
3861.55	409.003
3862.27	391.505
3863	378.508
3863.73	401.01
3864.46	393.512
3865.18	383.515
3865.91	366.517
3866.64	371.02
3867.36	389.522
3868.09	378.024
3868.82	395.027
3869.54	396.029
3870.27	374.532
3871	392.034
3871.72	377.536
3872.45	380.539
3873.18	389.041
3873.9	383.044
3874.63	376.046
3875.35	366.548
3876.08	395.051
3876.81	409.053
3877.53	397.556
3878.26	378.058
3878.98	357.06
3879.71	376.063
3880.43	392.065
3881.16	379.568
3881.88	390.57
3882.61	394.572
3883.33	375.075
3884.06	390.077
3884.78	370.079
3885.51	391.082
3886.23	397.584
3886.96	365.587
3887.68	377.589
3888.41	396.591
3889.13	366.094
3889.85	364.096
3890.58	379.099
3891.3	372.601
3892.03	386.603
3892.75	372.106
3893.47	373.108
3894.2	368.611
3894.92	371.113
3895.64	390.615
3896.37	370.618
3897.09	351.12
3897.81	385.622
3898.53	370.125
3899.26	367.127
3899.98	382.63
3900.7	368.632
3901.42	386.634
3902.15	371.137
3902.87	388.139
3903.59	362.142
3904.31	370.644
3905.04	369.646
3905.76	378.149
3906.48	335.151
3907.2	384.654
3907.92	380.156
3908.64	379.158
3909.37	374.161
3910.09	359.163
3910.81	385.166
3911.53	381.168
3912.25	365.67
3912.97	385.173
3913.69	367.675
3914.41	372.678
3915.13	371.18
3915.85	353.182
3916.57	367.185
3917.29	367.187
3918.02	375.19
3918.74	369.192
3919.46	369.194
3920.18	363.697
3920.9	363.699
3921.62	362.201
3922.34	373.204
3923.05	387.206
3923.77	369.209
3924.49	361.211
3925.21	370.213
3925.93	373.216
3926.65	364.218
3927.37	372.221
3928.09	374.723
3928.81	362.225
3929.53	364.228
3930.25	347.23
3930.96	361.233
3931.68	382.235
3932.4	358.737
3933.12	361.24
3933.84	361.242
3934.56	378.245
3935.27	357.747
3935.99	370.249
3936.71	362.252
3937.43	356.754
3938.14	373.757
3938.86	364.259
3939.58	358.261
3940.3	354.764
3941.01	359.766
3941.73	361.768
3942.45	371.271
3943.17	341.773
3943.88	372.276
3944.6	359.278
3945.32	367.28
3946.03	363.283
3946.75	360.785
3947.47	345.288
3948.18	363.79
3948.9	353.292
3949.61	345.295
3950.33	369.297
3951.05	343.3
3951.76	360.802
3952.48	352.304
3953.19	359.807
3953.91	350.809
3954.62	363.312
3955.34	345.814
3956.05	362.316
3956.77	355.319
3957.48	362.321
3958.2	339.323
3958.91	363.326
3959.63	345.328
3960.34	345.331
3961.06	358.333
3961.77	357.835
3962.49	343.338
3963.2	349.34
3963.92	346.343
3964.63	348.345
3965.34	330.347
3966.06	317.35
3966.77	349.852
3967.49	343.355
3968.2	353.357
3968.91	331.359
3969.63	355.862
3970.34	371.864
3971.05	358.367
3971.77	350.369
3972.48	342.371
3973.19	337.874
3973.91	346.376
3974.62	342.879
3975.33	336.381
3976.04	345.383
3976.76	335.386
3977.47	357.388
3978.18	349.89
3978.89	338.393
3979.6	341.395
3980.32	347.898
3981.03	338.9
3981.74	339.902
3982.45	323.405
3983.16	357.907
3983.88	328.41
3984.59	338.412
3985.3	351.414
3986.01	341.417
3986.72	350.919
3987.43	335.422
3988.14	348.424
3988.85	348.426
3989.56	346.429
3990.28	343.931
3990.99	350.434
3991.7	347.436
3992.41	328.438
3993.12	348.941
3993.83	343.943
3994.54	329.445
3995.25	330.448
3995.96	343.45
3996.67	342.953
3997.38	324.455
3998.09	344.457
3998.8	328.46
3999.51	344.962
