201.015	1723.5
202.282	1762.48
203.551	1718.97
204.817	1731.95
206.085	1746.44
207.352	1772.92
208.619	1791.91
209.885	1823.89
211.152	1880.38
212.418	1890.86
213.685	1949.35
214.95	2027.33
216.216	2089.82
217.481	2189.8
218.745	2301.79
220.011	2382.27
221.275	2488.76
222.54	2590.74
223.804	2690.72
225.069	2788.21
226.332	2867.69
227.595	2930.18
228.859	2913.16
230.122	2958.15
231.384	2972.13
232.648	2968.12
233.91	2845.6
235.173	2850.59
236.435	2767.57
237.696	2765.06
238.959	2676.54
240.22	2582.53
241.48	2558.01
242.741	2466.49
244.003	2409.48
245.263	2253.46
246.523	2145.45
247.784	2162.43
249.044	2113.42
250.303	2031.9
251.562	1957.89
252.823	1933.87
254.081	1880.36
255.34	1774.34
256.598	1748.33
257.858	1731.31
259.116	1674.3
260.373	1642.78
261.631	1621.77
262.888	1583.25
264.147	1566.73
265.404	1470.22
266.66	1496.2
267.917	1413.19
269.173	1411.67
270.429	1401.66
271.685	1402.14
272.942	1397.13
274.197	1382.61
275.453	1366.6
276.708	1375.08
277.963	1347.07
279.217	1354.05
280.472	1292.04
281.726	1337.02
282.98	1347
284.234	1376.99
285.488	1358.47
286.742	1369.96
287.996	1358.94
289.249	1370.93
290.502	1398.91
291.754	1393.9
293.007	1360.88
294.259	1392.87
295.511	1361.85
296.763	1315.84
298.014	1367.82
299.266	1364.81
300.517	1406.79
301.768	1390.28
303.017	1427.26
304.268	1422.24
305.518	1417.23
306.768	1454.21
308.018	1424.7
309.268	1429.68
310.518	1455.67
311.767	1450.65
313.016	1480.64
314.265	1507.12
315.514	1471.11
316.761	1545.59
318.01	1521.58
319.258	1523.56
320.506	1523.55
321.754	1560.53
323.001	1516.52
324.247	1513
325.494	1508.98
326.741	1495.97
327.988	1468.45
329.235	1500.44
330.48	1522.42
331.726	1473.41
332.972	1506.39
334.218	1477.38
335.463	1481.86
336.707	1485.35
337.952	1474.83
339.197	1511.32
340.441	1489.8
341.685	1483.29
342.929	1521.27
344.174	1500.75
345.416	1524.24
346.66	1492.22
347.904	1523.21
349.145	1523.19
350.389	1516.68
351.632	1538.16
352.873	1564.15
354.115	1613.63
355.358	1605.12
356.599	1602.6
357.841	1583.09
359.081	1599.07
360.322	1680.56
361.564	1660.04
362.803	1610.03
364.044	1630.51
365.284	1657.99
366.524	1736.98
367.765	1702.96
369.003	1718.95
370.243	1809.93
371.482	1808.92
372.721	1851.4
373.959	1950.39
375.198	1874.87
376.436	1963.86
377.675	2055.84
378.912	2084.33
380.15	2160.31
381.387	2184.3
382.625	2297.78
383.861	2412.76
385.099	2494.75
386.335	2597.73
387.571	2637.22
388.808	2769.7
390.043	2812.19
391.28	2887.67
392.515	2932.16
393.749	3012.64
394.985	3050.63
396.22	3045.11
397.455	3088.1
398.689	3095.08
399.923	3074.57
401.158	3077.55
402.391	3081.54
403.625	3026.52
404.859	3047.5
406.092	3037.49
407.324	2984.47
408.558	3036.46
409.79	3070.94
411.022	2993.93
412.256	3034.91
413.487	3047.9
414.719	3123.38
415.95	3101.37
417.182	3125.35
418.413	3200.84
419.644	3186.82
420.874	3212.81
422.106	3259.79
423.336	3355.27
424.566	3470.26
425.795	3490.74
427.025	3586.73
428.255	3710.21
429.484	3805.2
430.713	3889.18
431.942	4061.67
433.17	4316.15
434.399	4319.14
435.627	4625.62
436.856	4817.11
438.084	5097.09
439.311	5428.08
440.538	5784.56
441.765	6139.55
442.992	6584.03
444.219	7144.01
445.445	7883.5
446.672	8627.48
447.898	9506.97
449.124	10598
450.349	12116.4
451.576	13901.9
452.802	16006.4
454.027	18970.9
455.252	22497.9
456.476	26348.9
457.701	30883.8
458.925	35161.3
460.149	38467.3
461.373	39921.8
462.596	39178.8
463.819	36416.8
465.043	32250.3
466.266	27550.7
467.489	22995.7
468.711	19096.2
469.934	15830.7
471.156	13238.2
472.379	11174.7
473.601	9591.65
474.822	8289.63
476.044	7299.12
477.264	6505.6
478.485	5788.59
479.706	5250.07
480.927	4806.06
482.148	4440.54
483.368	4101.02
484.588	3742.01
485.807	3560.49
487.027	3333.98
488.246	3089.46
489.466	2931.95
490.685	2749.93
491.903	2620.42
493.122	2529.4
494.34	2423.39
495.559	2308.87
496.776	2211.36
497.994	2138.34
499.212	2019.83
500.43	2037.81
501.646	1930.3
502.863	1874.28
504.08	1817.26
505.296	1779.25
506.512	1756.23
507.729	1682.22
508.944	1653.2
510.16	1629.19
511.376	1558.67
512.59	1529.16
513.806	1494.14
515.021	1468.63
516.235	1475.61
517.45	1470.6
518.663	1407.58
519.878	1392.07
521.093	1379.55
522.305	1336.53
523.519	1333.02
524.732	1319.5
525.945	1290.99
527.158	1313.47
528.371	1257.96
529.582	1287.94
530.795	1282.93
532.007	1239.41
533.219	1250.4
534.43	1196.88
535.642	1233.87
536.853	1239.85
538.064	1228.84
539.274	1209.82
540.486	1189.81
541.696	1248.79
542.907	1195.77
544.116	1194.76
545.326	1249.74
546.535	1204.73
547.744	1161.71
548.954	1201.2
550.163	1174.68
551.372	1161.67
552.58	1179.65
553.788	1178.64
554.997	1160.62
556.205	1143.61
557.412	1182.59
558.62	1137.08
559.827	1141.06
561.034	1162.55
562.242	1148.03
563.448	1118.51
564.654	1101.5
565.861	1082.48
567.067	1109.47
568.273	1107.45
569.478	1120.44
570.685	1104.92
571.89	1076.91
573.094	1045.39
574.299	1052.88
575.505	1021.36
576.709	1035.85
577.913	1061.33
579.117	1053.82
580.322	1018.8
581.525	1028.28
582.728	981.269
583.931	1035.25
585.134	1001.24
586.337	1001.22
587.541	976.208
588.743	961.193
589.945	960.178
591.147	968.162
592.349	961.647
593.55	944.132
594.752	943.116
595.953	937.601
597.154	934.586
598.355	890.07
599.557	926.055
600.757	899.54
601.957	882.524
603.157	848.009
604.357	884.994
605.557	868.479
606.756	849.963
607.955	835.948
609.154	825.933
610.353	827.917
611.552	815.902
612.75	827.387
613.949	806.871
615.147	788.856
616.345	753.341
617.543	768.325
618.739	743.81
619.936	747.295
621.133	731.779
622.33	715.764
623.527	706.749
624.724	700.234
625.92	698.718
627.116	705.203
628.312	692.688
629.508	672.672
630.702	653.657
631.898	661.142
633.093	635.626
634.288	633.111
635.483	632.596
636.678	637.081
637.871	633.065
639.065	648.55
640.26	624.035
641.454	630.019
642.646	613.004
643.84	614.489
645.033	642.473
646.226	619.958
647.418	617.943
648.611	593.927
649.803	606.912
650.996	600.897
652.187	565.381
653.379	579.366
654.571	554.351
655.761	560.336
656.952	564.32
658.144	538.305
659.334	541.29
660.525	533.774
661.715	511.759
662.905	518.244
664.095	517.728
665.285	537.213
666.474	512.698
667.664	508.182
668.852	510.667
670.041	509.652
671.229	491.137
672.418	454.121
673.607	493.106
674.795	471.091
675.983	482.075
677.17	471.06
678.358	458.545
679.545	456.029
680.733	467.014
681.919	433.999
683.106	461.983
684.292	459.968
685.479	418.953
686.665	436.937
687.851	442.922
689.036	412.907
690.221	414.892
691.407	409.876
692.592	416.361
693.778	435.346
694.962	411.83
696.147	420.815
697.331	415.3
698.515	413.784
699.699	394.769
700.883	397.754
702.066	380.738
703.25	391.223
704.433	391.708
705.615	386.193
706.799	391.677
707.981	388.662
709.163	384.647
710.346	376.131
711.528	392.116
712.709	352.601
713.892	367.585
715.073	375.07
716.253	349.055
717.434	352.539
718.616	362.524
719.796	365.509
720.976	366.993
722.156	357.728
723.336	343.963
724.517	327.448
725.696	367.432
726.875	358.917
728.054	357.402
729.233	348.386
730.412	356.371
731.592	358.356
732.77	355.84
733.948	337.325
735.126	341.31
736.303	348.794
737.481	347.279
738.658	349.264
739.835	344.749
741.012	336.233
742.191	319.218
743.367	336.203
744.544	322.187
745.72	324.172
746.896	327.157
748.072	304.141
749.247	314.626
750.423	331.111
751.598	328.095
752.773	312.08
753.948	314.065
755.123	296.05
756.297	318.034
757.472	314.019
758.646	315.004
759.82	311.988
760.994	305.473
762.166	296.458
763.34	316.942
764.513	309.927
765.686	308.412
766.859	304.396
768.032	306.381
769.204	301.366
770.377	320.851
771.549	297.335
772.719	294.82
773.891	310.305
775.063	288.789
776.234	300.774
777.406	302.259
778.577	289.243
779.746	287.228
780.917	291.213
782.088	281.197
783.258	281.682
784.427	298.667
785.597	285.651
786.767	300.136
787.936	305.621
789.104	290.606
790.273	295.59
791.443	318.575
792.612	295.56
793.779	304.544
794.947	292.529
796.116	292.514
797.283	305.498
798.451	296.983
799.618	307.968
800.785	301.952
801.952	310.437
803.119	301.922
804.285	310.407
805.452	311.391
806.617	329.376
807.784	336.861
808.95	317.345
810.115	324.33
811.281	325.315
812.445	312.299
813.611	332.284
814.775	309.269
815.94	326.753
817.104	318.238
818.269	305.223
819.432	330.708
820.597	339.192
821.76	327.177
822.924	332.162
824.087	347.146
825.251	334.131
826.413	317.116
827.576	322.1
828.738	332.085
829.901	320.07
831.063	302.554
832.224	318.039
833.387	309.024
834.548	323.008
835.71	302.993
836.871	307.978
838.031	302.963
839.193	299.947
840.353	295.932
841.513	302.417
842.674	301.901
843.834	297.886
844.993	301.871
846.154	302.855
847.313	307.84
848.472	307.825
849.632	289.309
850.79	304.294
851.948	306.779
853.107	299.764
854.266	285.748
855.424	299.233
856.581	294.718
857.739	285.202
858.896	289.687
860.054	286.672
861.211	255.656
862.368	280.141
863.524	273.626
864.681	289.11
865.838	263.595
866.994	279.58
868.15	263.065
869.306	268.549
870.461	273.534
871.616	274.019
872.772	255.503
873.927	267.988
875.083	252.473
876.237	292.957
877.392	286.442
878.546	280.427
879.7	280.411
880.854	266.396
882.007	257.381
883.161	276.865
884.314	263.85
885.467	270.835
886.62	263.32
887.773	270.304
888.925	260.789
890.078	272.774
891.23	268.258
892.382	262.243
893.534	276.728
894.686	265.712
895.837	254.197
896.989	273.182
898.14	280.166
899.289	272.151
900.44	253.136
901.591	256.121
902.741	284.605
903.892	264.09
905.042	248.075
906.192	250.059
907.341	275.044
908.49	261.529
909.639	259.513
910.788	257.998
911.937	256.983
913.086	249.967
914.234	258.952
915.382	248.937
916.53	252.922
917.679	255.906
918.825	258.391
919.973	262.876
921.121	250.86
922.268	275.845
923.414	251.83
924.561	258.814
925.708	270.799
926.855	259.784
928	267.768
929.146	259.753
930.292	251.738
931.437	261.722
932.583	252.707
933.727	240.692
934.873	247.677
936.018	256.661
937.162	258.646
938.307	254.131
939.452	249.615
940.595	246.1
941.739	255.085
942.882	264.569
944.026	255.554
945.169	249.539
946.313	249.523
947.455	248.508
948.598	252.493
949.74	260.478
950.883	242.962
952.026	241.947
953.167	255.432
954.309	249.416
955.451	253.401
956.592	251.386
957.734	256.37
958.874	264.855
960.016	255.34
961.156	258.824
962.297	263.309
963.437	264.294
964.577	260.279
965.717	263.763
966.857	254.248
967.997	257.733
969.136	247.217
970.275	257.702
971.414	259.687
972.553	255.171
973.691	273.156
974.83	257.141
975.968	257.125
977.106	257.11
978.243	248.095
979.382	259.579
980.519	248.064
981.656	280.549
982.794	263.534
983.931	238.018
985.067	251.003
986.204	261.488
987.34	250.472
988.477	256.957
989.613	268.442
990.748	253.426
991.884	268.411
993.019	271.396
994.155	262.88
995.29	276.865
996.425	283.85
997.559	278.835
998.694	270.819
999.828	285.804
1000.96	288.789
1002.1	270.773
1003.23	274.758
1004.36	261.743
1005.5	259.727
1006.63	256.212
1007.76	262.697
1008.9	252.181
1010.03	236.666
1011.16	256.651
1012.29	254.136
1013.43	249.62
1014.56	264.605
1015.69	253.59
1016.82	246.574
1017.95	264.059
1019.08	263.544
1020.21	262.528
1021.35	247.513
1022.48	248.498
1023.61	237.482
1024.74	252.467
1025.87	251.452
1027	254.937
1028.13	262.921
1029.26	261.906
1030.39	256.391
1031.51	256.375
1032.64	262.36
1033.77	245.845
1034.9	268.829
1036.03	255.314
1037.16	256.299
1038.29	256.783
1039.41	259.268
1040.54	254.753
1041.67	266.237
1042.8	253.722
1043.92	286.707
1045.05	254.192
1046.18	268.676
1047.3	283.161
1048.43	267.146
1049.56	270.13
1050.68	266.115
1051.81	265.1
1052.93	267.084
1054.06	275.569
1055.18	264.054
1056.31	254.038
1057.43	277.023
1058.56	261.508
1059.68	270.993
1060.81	271.477
1061.93	275.962
1063.06	280.447
1064.18	262.931
1065.3	266.916
1066.43	274.401
1067.55	283.385
1068.67	265.87
1069.8	285.355
1070.92	276.839
1072.04	291.324
1073.16	281.809
1074.29	285.794
1075.41	279.778
1076.53	276.763
1077.65	264.248
1078.77	283.232
1079.89	282.717
1081.01	278.702
1082.13	287.186
1083.26	270.171
1084.38	265.656
1085.5	270.64
1086.62	271.625
1087.74	286.61
1088.86	269.594
1089.98	280.079
1091.1	281.064
1092.21	270.549
1093.33	282.533
1094.45	286.018
1095.57	298.503
1096.69	291.487
1097.81	286.472
1098.93	287.457
1100.04	282.941
1101.16	296.426
1102.28	292.911
1103.4	307.395
1104.51	299.38
1105.63	304.865
1106.75	315.35
1107.86	299.834
1108.98	303.319
1110.1	286.304
1111.21	295.288
1112.33	302.773
1113.45	319.758
1114.56	309.242
1115.68	312.727
1116.79	307.712
1117.91	315.696
1119.02	316.681
1120.14	329.666
1121.25	324.651
1122.36	322.135
1123.48	357.12
1124.59	322.105
1125.71	339.089
1126.82	343.074
1127.93	341.059
1129.05	348.043
1130.16	337.028
1131.27	330.013
1132.39	356.497
1133.5	366.982
1134.61	352.967
1135.72	356.951
1136.83	369.936
1137.95	374.921
1139.06	377.906
1140.17	384.89
1141.28	391.375
1142.39	379.86
1143.5	398.344
1144.61	397.329
1145.72	386.314
1146.83	384.298
1147.95	397.783
1149.05	407.268
1150.16	399.752
1151.27	399.737
1152.38	396.722
1153.49	401.707
1154.6	396.191
1155.71	389.676
1156.82	390.661
1157.93	407.645
1159.04	409.63
1160.14	410.615
1161.25	384.599
1162.36	406.584
1163.47	393.069
1164.58	403.553
1165.68	399.538
1166.79	399.023
1167.9	397.508
1169	401.492
1170.11	422.477
1171.22	394.462
1172.32	370.446
1173.43	403.931
1174.53	404.416
1175.64	393.4
1176.75	393.385
1177.85	362.37
1178.96	400.354
1180.06	369.339
1181.17	365.324
1182.27	360.309
1183.37	365.293
1184.48	375.278
1185.58	364.263
1186.69	365.747
1187.79	361.232
1188.89	363.217
1190	382.201
1191.1	360.186
1192.2	367.671
1193.31	342.155
1194.41	353.14
1195.51	349.125
1196.61	344.609
1197.71	331.094
1198.82	331.079
1199.92	323.064
1201.02	328.548
1202.12	345.533
1203.22	343.018
1204.32	333.002
1205.42	336.987
1206.53	320.972
1207.63	330.956
1208.73	309.941
1209.83	329.926
1210.93	333.91
1212.03	292.895
1213.13	315.88
1214.22	306.365
1215.32	311.849
1216.42	297.334
1217.52	286.819
1218.62	292.303
1219.72	305.788
1220.82	303.773
1221.92	290.757
1223.01	298.742
1224.11	294.727
1225.21	303.211
1226.31	297.196
1227.4	295.681
1228.5	291.665
1229.6	283.15
1230.69	287.135
1231.79	297.62
1232.89	281.604
1233.98	266.589
1235.08	301.574
1236.18	279.558
1237.27	274.543
1238.37	291.528
1239.46	300.012
1240.56	289.497
1241.65	287.482
1242.75	270.966
1243.84	269.451
1244.94	283.436
1246.03	296.921
1247.12	273.405
1248.22	287.39
1249.31	293.375
1250.41	300.359
1251.5	291.344
1252.59	292.829
1253.68	283.313
1254.78	291.798
1255.87	299.283
1256.96	289.267
1258.06	287.252
1259.15	291.237
1260.24	283.222
1261.33	311.706
1262.42	310.691
1263.51	318.176
1264.6	295.66
1265.7	314.645
1266.79	307.13
1267.88	310.114
1268.97	312.099
1270.06	292.584
1271.15	305.068
1272.24	299.053
1273.33	304.038
1274.42	310.022
1275.51	312.507
1276.6	308.992
1277.69	306.477
1278.78	298.961
1279.86	297.946
1280.95	316.431
1282.04	316.915
1283.13	301.9
1284.22	283
1285.3	303.11
1286.39	306.311
1287.48	316.181
1288.57	316.315
1289.66	323.22
1290.74	313.404
1291.83	302.821
1292.92	316.698
1294	309.628
1295.09	301.372
1296.17	309.383
1297.26	294.117
1298.35	299.847
1299.43	289.765
1300.52	298.867
1301.6	297.762
1302.69	298.454
1303.77	310.476
1304.86	311.885
1305.94	316.277
1307.03	309.575
1308.11	308.959
1309.19	322.685
1310.28	308.044
1311.36	319.107
1312.45	304.274
1313.53	303.221
1314.61	300.017
1315.7	279.034
1316.78	299.885
1317.86	301.844
1318.94	294.312
1320.03	307.36
1321.11	306.636
1322.19	305.784
1323.27	298.507
1324.35	302.939
1325.43	287.015
1326.52	285.197
1327.6	292.305
1328.68	287.462
1329.76	292.716
1330.84	289.914
1331.92	288.624
1333	286.419
1334.08	284.887
1335.16	289.726
1336.24	286.162
1337.32	286.851
1338.4	281.707
1339.48	278.874
1340.56	272.671
1341.64	268.523
1342.71	277.158
1343.79	276.247
1344.87	276.686
1345.95	282.664
1347.03	285.219
1348.1	279.336
1349.18	285.408
1350.26	279.732
1351.34	282.281
1352.41	291.941
1353.49	288.119
1354.57	282.939
1355.64	283.52
1356.72	281.616
1357.8	292.738
1358.87	291.594
1359.95	289.629
1361.02	280.169
1362.1	284.564
1363.17	272.065
1364.25	274.413
1365.32	280.207
1366.4	273.835
1367.47	280.796
1368.55	284.309
1369.62	281.858
1370.7	282.02
1371.77	281.231
1372.85	279.67
1373.92	272.831
1374.99	277.964
1376.07	284.746
1377.14	270.577
1378.21	272.764
1379.28	286.025
1380.36	270.925
1381.43	280.036
1382.5	275.397
1383.57	270.116
1384.65	262.943
1385.72	259.701
1386.79	267.064
1387.86	270.315
1388.93	264.734
1390	279.816
1391.07	266.284
1391.98	267.872
1393.05	267.377
1394.13	277.382
1395.2	269.387
1396.28	265.392
1397.35	268.397
1398.43	269.402
1399.51	262.907
1400.58	275.412
1401.65	267.417
1402.73	269.422
1403.8	260.927
1404.88	263.432
1405.95	256.437
1407.02	271.442
1408.1	248.447
1409.17	259.452
1410.25	260.957
1411.32	261.462
1412.39	251.967
1413.46	272.972
1414.54	258.477
1415.61	251.982
1416.68	250.487
1417.75	259.492
1418.83	261.497
1419.9	276.002
1420.97	257.008
1422.04	257.513
1423.11	250.518
1424.18	256.523
1425.25	271.028
1426.32	252.533
1427.39	259.538
1428.47	273.543
1429.53	262.548
1430.6	268.053
1431.67	262.058
1432.74	246.563
1433.81	262.068
1434.88	253.073
1435.95	254.578
1437.02	241.583
1438.09	255.588
1439.16	251.093
1440.23	252.598
1441.3	251.603
1442.36	257.608
1443.43	265.613
1444.5	264.618
1445.57	280.123
1446.64	270.628
1447.7	248.633
1448.77	264.638
1449.84	252.643
1450.9	260.648
1451.97	266.154
1453.04	241.659
1454.1	238.664
1455.17	260.669
1456.23	257.674
1457.3	267.179
1458.37	260.684
1459.43	255.689
1460.5	256.694
1461.56	249.199
1462.63	265.704
1463.69	260.709
1464.76	268.714
1465.82	254.719
1466.89	267.724
1467.95	268.229
1469.01	283.234
1470.08	260.239
1471.14	269.744
1472.2	269.249
1473.27	261.754
1474.33	251.759
1475.39	257.264
1476.46	272.769
1477.52	257.774
1478.58	267.779
1479.64	280.784
1480.71	264.789
1481.77	267.294
1482.83	268.299
1483.89	271.305
1484.95	284.31
1486.01	254.315
1487.07	269.82
1488.14	269.325
1489.2	261.83
1490.26	268.835
1491.32	265.34
1492.38	251.845
1493.44	261.85
1494.5	257.855
1495.56	277.86
1496.62	250.865
1497.68	264.37
1498.74	258.875
1499.79	264.88
1500.85	251.885
1501.91	272.89
1502.97	263.395
1504.03	262.4
1505.09	262.905
1506.15	258.91
1507.2	264.915
1508.26	255.92
1509.32	257.925
1510.38	258.93
1511.43	257.435
1512.49	261.94
1513.55	252.945
1514.6	253.45
1515.66	271.455
1516.72	253.961
1517.77	252.466
1518.83	257.971
1519.89	256.476
1520.94	273.481
1522	274.986
1523.05	260.991
1524.11	257.996
1525.16	266.501
1526.22	262.006
1527.27	271.011
1528.33	268.016
1529.38	277.021
1530.44	261.026
1531.49	259.031
1532.54	285.036
1533.6	272.041
1534.65	268.046
1535.7	260.051
1536.76	269.056
1537.81	270.061
1538.86	257.566
1539.92	276.071
1540.97	271.076
1542.02	265.081
1543.07	271.086
1544.13	263.591
1545.18	264.596
1546.23	273.601
1547.28	267.106
1548.33	281.112
1549.38	274.117
1550.44	276.622
1551.49	277.127
1552.54	284.132
1553.59	286.137
1554.64	305.642
1555.69	265.147
1556.74	264.152
1557.79	278.657
1558.84	290.662
1559.89	283.167
1560.94	277.172
1561.99	267.677
1563.04	287.182
1564.08	276.187
1565.13	274.692
1566.18	280.697
1567.23	283.702
1568.28	287.207
1569.33	269.712
1570.37	279.217
1571.42	269.222
1572.47	278.227
1573.52	281.232
1574.57	247.237
1575.61	294.242
1576.66	282.247
1577.71	299.252
1578.75	287.757
1579.8	309.263
1580.85	302.268
1581.89	312.773
1582.94	287.278
1583.98	314.783
1585.03	306.288
1586.08	311.293
1587.12	307.298
1588.17	310.303
1589.21	320.308
1590.26	293.313
1591.3	316.318
1592.35	315.323
1593.39	312.328
1594.43	322.333
1595.48	319.338
1596.52	320.343
1597.57	313.848
1598.61	320.853
1599.65	323.858
1600.69	322.363
1601.74	311.368
1602.78	300.373
1603.82	316.878
1604.87	310.383
1605.91	322.888
1606.95	291.393
1607.99	306.398
1609.03	291.903
1610.08	282.408
1611.12	292.414
1612.16	295.419
1613.2	271.424
1614.24	274.429
1615.28	277.434
1616.32	285.939
1617.36	277.444
1618.4	260.449
1619.44	275.454
1620.49	267.459
1621.52	279.464
1622.56	271.969
1623.6	270.474
1624.64	279.979
1625.68	269.984
1626.72	256.489
1627.76	260.494
1628.8	261.999
1629.84	271.504
1630.88	275.509
1631.92	251.514
1632.95	271.019
1633.99	279.524
1635.03	261.529
1636.07	268.534
1637.1	266.039
1638.14	269.044
1639.18	268.049
1640.22	275.055
1641.25	256.559
1642.29	272.065
1643.33	263.57
1644.36	271.575
1645.4	268.58
1646.44	261.085
1647.47	271.59
1648.51	266.595
1649.54	258.6
1650.58	257.605
1651.61	266.11
1652.65	256.615
1653.68	265.12
1654.72	261.625
1655.75	266.13
1656.79	282.635
1657.82	265.64
1658.85	280.645
1659.89	262.65
1660.92	271.655
1661.96	277.66
1662.99	266.665
1664.02	269.67
1665.06	276.175
1666.09	264.18
1667.12	267.685
1668.15	266.19
1669.19	270.695
1670.22	254.7
1671.25	274.705
1672.28	271.71
1673.32	257.716
1674.35	258.721
1675.38	272.226
1676.41	260.731
1677.44	262.736
1678.47	244.741
1679.5	271.746
1680.53	255.751
1681.56	265.256
1682.59	260.761
1683.62	273.766
1684.65	262.771
1685.68	266.776
1686.71	262.281
1687.74	258.786
1688.77	272.291
1689.8	255.296
1690.83	248.801
1691.86	273.806
1692.89	255.811
1693.92	275.316
1694.95	261.821
1695.97	275.826
1697	269.831
1698.03	252.836
1699.06	271.841
1700.09	277.346
1701.11	264.351
1702.14	271.856
1703.17	273.362
1704.2	270.867
1705.22	266.872
1706.25	255.877
1707.28	255.382
1708.3	267.887
1709.33	275.892
1710.35	259.897
1711.38	267.402
1712.41	281.907
1713.43	256.912
1714.46	269.917
1715.48	240.922
1716.51	271.927
1717.53	267.432
1718.56	263.937
1719.58	274.942
1720.61	266.447
1721.63	273.452
1722.65	262.957
1723.68	278.462
1724.7	256.967
1725.73	270.972
1726.75	255.977
1727.77	259.982
1728.8	272.987
1729.82	279.492
1730.84	261.997
1731.86	269.002
1732.89	277.007
1733.91	269.513
1734.93	269.518
1735.95	268.023
1736.98	272.528
1738	275.033
1739.02	275.538
1740.04	259.043
1741.06	256.048
1742.08	265.053
1743.1	289.558
1744.13	265.063
1745.15	268.568
1746.17	272.073
1747.19	257.078
1748.21	260.083
1749.23	258.588
1750.25	275.093
1751.27	277.098
1752.29	281.603
1753.3	273.608
1754.32	262.113
1755.34	274.118
1756.36	259.123
1757.38	263.128
1758.4	263.133
1759.42	275.638
1760.44	264.643
1761.45	276.148
1762.47	279.653
1763.49	262.658
1764.51	276.163
1765.53	269.169
1766.54	264.174
1767.56	278.679
1768.58	285.184
1769.59	261.189
1770.61	267.194
1771.63	287.699
1772.64	265.204
1773.66	279.709
1774.67	271.714
1775.69	263.219
1776.71	276.224
1777.72	284.729
1778.74	263.734
1779.75	264.239
1780.77	279.244
1781.78	257.249
1782.8	276.254
1783.81	286.759
1784.83	269.264
1785.84	274.769
1786.86	277.774
1787.87	261.279
1788.88	277.284
1789.9	282.289
1790.91	277.294
1791.92	277.799
1792.94	262.304
1793.95	268.309
1794.96	268.314
1795.98	272.32
1796.99	274.825
1798	278.33
1799.01	276.335
1800.02	273.84
1801.04	270.345
1802.05	271.85
1803.06	285.855
1804.07	269.36
1805.08	273.865
1806.09	283.87
1807.11	275.375
1808.12	275.38
1809.13	275.885
1810.14	281.89
1811.15	287.395
1812.16	275.4
1813.17	275.405
1814.18	276.41
1815.19	293.915
1816.2	279.42
1817.21	265.425
1818.22	271.43
1819.23	292.435
1820.23	296.44
1821.24	290.445
1822.25	289.45
1823.26	278.955
1824.27	286.46
1825.28	278.966
1826.28	283.471
1827.29	281.976
1828.3	273.481
1829.31	273.486
1830.32	288.491
1831.32	290.496
1832.33	291.001
1833.34	289.506
1834.34	282.011
1835.35	285.516
1836.36	278.521
1837.36	288.526
1838.37	295.531
1839.38	286.536
1840.38	301.541
1841.39	298.546
1842.39	289.551
1843.4	294.556
1844.4	278.561
1845.41	293.566
1846.41	286.571
1847.42	298.076
1848.42	290.581
1849.43	303.586
1850.43	278.591
1851.44	297.096
1852.44	278.101
1853.44	282.606
1854.45	297.611
1855.45	304.117
1856.45	306.122
1857.46	299.627
1858.46	293.132
1859.46	290.137
1860.47	284.642
1861.47	293.147
1862.47	277.652
1863.47	299.157
1864.47	289.662
1865.48	295.667
1866.48	284.172
1867.48	297.677
1868.48	294.682
1869.48	285.687
1870.48	284.192
1871.49	301.197
1872.49	289.702
1873.49	302.207
1874.49	277.712
1875.49	309.717
1876.49	278.722
1877.49	285.727
1878.49	292.732
1879.49	283.737
1880.49	300.742
1881.49	289.247
1882.49	306.252
1883.49	280.757
1884.49	287.262
1885.48	292.768
1886.48	295.773
1887.48	301.778
1888.48	285.283
1889.48	282.788
1890.48	286.793
1891.47	299.798
1892.47	288.803
1893.47	297.308
1894.47	313.313
1895.46	294.818
1896.46	282.823
1897.46	289.828
1898.46	293.333
1899.45	302.838
1900.45	288.343
1901.44	280.848
1902.44	289.353
1903.44	306.858
1904.43	275.363
1905.43	290.368
1906.42	289.873
1907.42	298.878
1908.42	294.883
1909.41	280.888
1910.41	275.893
1911.4	291.398
1912.4	289.903
1913.39	293.408
1914.39	295.413
1915.38	290.919
1916.37	291.924
1917.37	287.929
1918.36	296.934
1919.35	299.939
1920.35	303.944
1921.34	315.949
1922.33	290.454
1923.33	298.959
1924.32	293.964
1925.31	298.469
1926.31	285.474
1927.3	311.979
1928.29	296.984
1929.28	309.989
1930.27	307.994
1931.27	304.999
1932.26	299.004
1933.25	296.009
1934.24	303.514
1935.23	307.519
1936.22	301.024
1937.21	294.529
1938.21	300.534
1939.2	309.039
1940.19	318.044
1941.18	319.049
1942.17	310.054
1943.16	314.059
1944.15	299.064
1945.14	296.07
1946.13	297.575
1947.11	311.08
1948.1	304.085
1949.09	309.09
1950.08	320.095
1951.07	316.6
1952.06	305.105
1953.05	302.11
1954.04	315.115
1955.02	311.62
1956.01	306.125
1957	311.13
1957.99	316.135
1958.98	309.14
1959.96	311.145
1960.95	307.15
1961.94	303.155
1962.92	313.16
1963.91	322.165
1964.9	300.17
1965.88	314.175
1966.87	306.18
1967.86	311.185
1968.84	309.69
1969.83	309.695
1970.81	318.7
1971.8	312.205
1972.79	305.21
1973.77	314.715
1974.76	312.221
1975.74	321.226
1976.72	320.231
1977.71	317.736
1978.69	302.241
1979.68	301.246
1980.66	322.251
1981.65	315.256
1982.63	304.261
1983.62	301.266
1984.6	314.771
1985.58	322.776
1986.56	320.281
1987.55	318.786
1988.53	300.291
1989.51	318.796
1990.5	320.301
1991.48	323.306
1992.46	318.311
1993.44	310.316
1994.43	314.821
1995.41	319.326
1996.39	313.331
1997.37	313.836
1998.35	304.341
1999.33	302.846
2000.32	294.351
2001.3	314.856
2002.28	300.361
2003.26	322.866
2004.24	292.371
2005.22	323.377
2006.2	299.382
2007.18	319.387
2008.16	323.392
2009.14	307.897
2010.12	313.402
2011.1	309.907
2012.08	312.412
2013.06	293.417
2014.04	304.922
2015.02	303.427
2015.99	327.432
2016.97	321.437
2017.95	312.942
2018.93	304.447
2019.91	313.452
2020.89	287.457
2021.86	315.462
2022.84	310.967
2023.82	302.472
2024.8	312.477
2025.77	301.982
2026.75	312.487
2027.73	298.492
2028.7	302.497
2029.68	313.002
2030.66	312.007
2031.63	308.512
2032.61	321.517
2033.59	301.522
2034.56	306.028
2035.54	303.033
2036.51	310.538
2037.49	317.043
2038.46	297.548
2039.44	325.553
2040.42	323.058
2041.39	311.563
2042.37	311.568
2043.34	307.573
2044.31	322.578
2045.29	313.583
2046.26	320.088
2047.24	325.093
2048.21	313.098
2049.18	323.603
2050.16	326.108
2051.13	335.113
2052.1	311.118
2053.08	302.623
2054.05	317.628
2055.02	335.633
2056	334.138
2056.97	342.643
2057.94	317.648
2058.91	310.653
2059.89	343.158
2060.86	313.663
2061.83	333.169
2062.8	331.174
2063.77	336.179
2064.74	326.684
2065.72	323.689
2066.69	336.194
2067.66	343.199
2068.63	314.204
2069.6	345.209
2070.57	320.214
2071.54	323.219
2072.51	312.724
2073.48	319.729
2074.45	329.734
2075.42	338.239
2076.39	321.244
2077.36	343.749
2078.33	314.754
2079.3	332.759
2080.26	341.764
2081.23	334.769
2082.2	327.774
2083.17	329.279
2084.14	322.784
2085.11	320.789
2086.08	303.794
2087.04	326.299
2088.01	322.804
2088.98	334.809
2089.95	333.314
2090.91	334.82
2091.88	333.325
2092.85	322.83
2093.81	334.835
2094.78	325.84
2095.75	334.345
2096.71	335.85
2097.68	336.855
2098.65	340.86
2099.61	332.365
2100.58	329.37
2101.54	310.875
2102.51	331.88
2103.48	345.385
2104.44	339.89
2105.41	325.895
2106.37	320.9
2107.34	340.405
2108.3	331.91
2109.26	342.915
2110.23	327.92
2111.19	332.925
2112.16	327.43
2113.12	325.935
2114.09	330.94
2115.05	330.445
2116.01	322.45
2116.98	327.955
2117.94	325.96
2118.9	341.965
2119.86	331.97
2120.83	343.475
2121.79	325.481
2122.75	331.986
2123.72	325.991
2124.68	330.496
2125.64	352.501
2126.6	339.506
2127.56	333.011
2128.53	304.016
2129.49	333.021
2130.45	345.026
2131.41	310.031
2132.37	331.536
2133.33	320.041
2134.29	331.046
2135.25	323.051
2136.21	329.556
2137.17	319.061
2138.13	309.066
2139.09	347.071
2140.05	334.076
2141.01	331.581
2141.97	332.586
2142.93	325.091
2143.89	332.096
2144.85	342.101
2145.81	324.606
2146.77	336.611
2147.73	334.116
2148.68	339.121
2149.64	323.626
2150.6	327.632
2151.56	339.637
2152.52	331.142
2153.48	334.147
2154.43	327.152
2155.39	338.157
2156.35	332.162
2157.3	341.167
2158.26	346.672
2159.22	306.177
2160.17	343.182
2161.13	340.187
2162.09	317.192
2163.04	337.697
2164	345.202
2164.96	333.207
2165.91	333.212
2166.87	350.217
2167.82	320.722
2168.78	345.727
2169.73	339.232
2170.69	324.237
2171.65	336.242
2172.6	357.247
2173.56	346.252
2174.51	332.257
2175.46	339.762
2176.42	348.767
2177.37	337.772
2178.33	338.278
2179.28	327.283
2180.23	342.288
2181.19	351.293
2182.14	350.298
2183.09	343.303
2184.05	347.308
2185	337.313
2185.95	334.318
2186.91	346.323
2187.86	343.328
2188.81	339.333
2189.76	354.338
2190.72	336.343
2191.67	349.848
2192.62	334.853
2193.57	338.858
2194.52	339.363
2195.47	350.368
2196.43	358.873
2197.38	324.378
2198.33	345.883
2199.28	353.388
2200.23	331.893
2201.18	336.398
2202.13	337.903
2203.08	345.408
2204.03	322.413
2204.98	349.418
2205.93	342.924
2206.88	338.429
2207.83	343.434
2208.78	351.439
2209.73	336.444
2210.68	350.449
2211.63	332.454
2212.57	339.959
2213.52	342.464
2214.47	343.469
2215.42	324.474
2216.37	336.479
2217.32	346.484
2218.26	349.489
2219.21	350.494
2220.16	334.999
2221.11	338.004
2222.05	330.009
2223	345.042
2223.95	352.477
2224.9	332.262
2225.84	354.752
2226.79	349.732
2227.74	337.103
2228.68	350.399
2229.63	350.892
2230.58	332.195
2231.52	338.713
2232.47	356.23
2233.41	338.711
2234.36	343.747
2235.3	337.992
2236.25	328.585
2237.19	326.257
2238.14	343.433
2239.08	333.604
2240.03	341.229
2240.97	347.826
2241.92	349.792
2242.86	338.217
2243.81	348.375
2244.75	345.244
2245.69	349.883
2246.64	333.521
2247.58	359.993
2248.52	356.551
2249.47	342.198
2250.41	352.639
2251.35	334.148
2252.3	351.822
2253.24	348.778
2254.18	346.434
2255.12	340.976
2256.07	348.383
2257.01	343.333
2257.95	355.382
2258.89	350.723
2259.83	341.263
2260.77	348.363
2261.72	350.179
2262.66	354.857
2263.6	331.316
2264.54	344.447
2265.48	355.414
2266.42	350.166
2267.36	344.158
2268.3	363.248
2269.24	347.211
2270.18	345.519
2271.12	354.72
2272.06	361.815
2273	358.422
2273.94	348.832
2274.88	355.033
2275.82	351.785
2276.76	364.719
2277.7	350.151
2278.64	359.424
2279.57	346.754
2280.51	357.12
2281.45	342.353
2282.39	349.315
2283.33	347.702
2284.27	346.859
2285.2	353.641
2286.14	353.649
2287.08	364.439
2288.02	355.645
2288.95	363.094
2289.89	357.275
2290.83	353.654
2291.77	345.274
2292.7	363.252
2293.64	360.683
2294.57	365.089
2295.51	350.315
2296.45	365.253
2297.38	360.32
2298.32	370.925
2299.25	354.063
2300.19	362.319
2301.13	345.077
2302.06	375.879
2303	366.365
2303.93	374.282
2304.87	366.98
2305.8	378.86
2306.74	360.298
2307.67	364.443
2308.6	379.643
2309.54	381.726
2310.47	350.611
2311.41	368.801
2312.34	363.32
2313.27	374.505
2314.21	362.066
2315.14	369.999
2316.07	375.627
2317.01	382.452
2317.94	380.297
2318.88	384.899
2319.81	369.911
2320.75	372.424
2321.69	359.936
2322.63	372.948
2323.56	393.461
2324.5	375.973
2325.44	374.486
2326.37	390.498
2327.31	392.511
2328.25	393.023
2329.18	402.036
2330.12	389.548
2331.05	390.061
2331.99	376.073
2332.93	353.086
2333.86	378.098
2334.8	371.111
2335.73	383.123
2336.67	372.136
2337.6	374.648
2338.54	365.161
2339.47	380.673
2340.41	391.186
2341.34	386.198
2342.27	364.211
2343.21	375.223
2344.14	366.736
2345.08	362.248
2346.01	367.261
2346.94	374.273
2347.88	362.286
2348.81	361.298
2349.74	377.311
2350.68	379.323
2351.61	349.336
2352.54	382.848
2353.47	381.361
2354.41	371.373
2355.34	353.386
2356.27	376.398
2357.2	379.411
2358.13	377.423
2359.07	373.436
2360	355.448
2360.93	379.461
2361.86	378.473
2362.79	373.486
2363.72	360.498
2364.65	390.511
2365.58	387.523
2366.51	378.036
2367.44	385.548
2368.38	365.061
2369.31	369.573
2370.24	376.586
2371.17	394.098
2372.1	372.611
2373.02	380.123
2373.95	383.636
2374.88	363.648
2375.81	369.661
2376.74	391.673
2377.67	368.186
2378.6	378.198
2379.53	383.711
2380.46	384.723
2381.39	375.736
2382.31	390.248
2383.24	390.76
2384.17	377.773
2385.1	390.785
2386.03	367.798
2386.95	376.81
2387.88	373.323
2388.81	380.835
2389.74	383.848
2390.66	386.86
2391.59	396.373
2392.52	368.385
2393.44	391.898
2394.37	378.91
2395.3	408.923
2396.22	385.435
2397.15	392.448
2398.07	393.96
2399	376.973
2399.92	384.985
2400.85	382.498
2401.78	387.51
2402.7	385.523
2403.63	383.035
2404.55	374.048
2405.48	390.06
2406.4	394.073
2407.33	377.085
2408.25	373.098
2409.17	388.11
2410.1	374.123
2411.02	381.135
2411.95	393.148
2412.87	378.16
2413.79	405.173
2414.72	373.185
2415.64	381.698
2416.56	400.21
2417.49	406.223
2418.41	397.235
2419.33	385.748
2420.26	398.26
2421.18	414.273
2422.1	405.785
2423.02	379.298
2423.94	396.31
2424.87	377.323
2425.79	396.835
2426.71	399.348
2427.63	405.36
2428.55	388.373
2429.47	389.885
2430.4	400.398
2431.32	399.41
2432.24	382.423
2433.16	397.435
2434.08	390.948
2435	409.46
2435.92	402.973
2436.84	412.485
2437.76	394.498
2438.68	368.51
2439.6	405.023
2440.52	399.535
2441.44	381.548
2442.36	397.56
2443.28	386.573
2444.2	397.585
2445.11	403.598
2446.03	399.61
2446.95	395.622
2447.87	394.635
2448.79	401.647
2449.71	404.16
2450.63	394.672
2451.54	390.685
2452.46	384.697
2453.38	422.71
2454.3	401.722
2455.21	405.735
2456.13	390.247
2457.05	397.26
2457.97	399.272
2458.88	406.285
2459.8	405.297
2460.72	392.81
2461.63	397.822
2462.55	391.835
2463.47	385.347
2464.38	409.86
2465.3	403.372
2466.21	392.885
2467.13	405.897
2468.04	406.91
2468.96	399.422
2469.88	405.935
2470.79	396.947
2471.71	416.96
2472.62	414.472
2473.53	404.485
2474.45	397.997
2475.36	412.01
2476.28	364.522
2477.19	405.535
2478.11	388.047
2479.02	394.06
2479.93	387.072
2480.85	428.085
2481.76	398.097
2482.68	406.11
2483.59	412.122
2484.5	418.135
2485.42	415.147
2486.33	409.16
2487.24	403.172
2488.15	394.185
2489.07	407.197
2489.98	386.21
2490.89	397.222
2491.8	407.735
2492.71	401.247
2493.63	401.76
2494.54	416.772
2495.45	411.785
2496.36	421.297
2497.27	385.31
2498.18	405.322
2499.09	415.335
2500	403.347
2500.92	424.36
2501.83	414.372
2502.74	402.885
2503.65	408.897
2504.56	411.91
2505.47	394.922
2506.38	401.435
2507.29	395.447
2508.2	411.459
2509.11	430.472
2510.02	398.484
2510.92	401.497
2511.83	403.509
2512.74	412.522
2513.65	411.534
2514.56	412.547
2515.47	401.059
2516.38	409.572
2517.29	415.084
2518.19	413.597
2519.1	399.109
2520.01	404.622
2520.92	406.634
2521.82	410.147
2522.73	398.659
2523.64	419.172
2524.55	400.184
2525.45	393.697
2526.36	413.709
2527.27	404.722
2528.18	408.234
2529.08	393.247
2529.99	385.759
2530.89	395.772
2531.8	423.784
2532.71	410.797
2533.61	405.809
2534.52	411.322
2535.42	429.834
2536.33	411.347
2537.23	404.359
2538.14	405.372
2539.04	409.384
2539.95	397.897
2540.85	435.409
2541.76	414.922
2542.66	415.934
2543.57	402.947
2544.47	377.959
2545.38	412.972
2546.28	402.984
2547.18	411.497
2548.09	422.009
2548.99	424.522
2549.9	402.034
2550.8	416.047
2551.7	414.059
2552.61	412.072
2553.51	410.584
2554.41	411.097
2555.31	412.109
2556.22	419.622
2557.12	425.134
2558.02	424.147
2558.92	414.159
2559.83	426.672
2560.73	413.684
2561.63	415.197
2562.53	406.209
2563.43	433.222
2564.33	434.734
2565.23	416.746
2566.14	420.259
2567.04	421.772
2567.94	399.284
2568.84	409.796
2569.74	435.309
2570.64	430.321
2571.54	413.334
2572.44	412.846
2573.34	398.359
2574.24	422.371
2575.14	432.384
2576.04	409.896
2576.94	428.909
2577.84	436.421
2578.74	447.434
2579.64	425.446
2580.54	417.959
2581.44	424.971
2582.33	433.984
2583.23	426.996
2584.13	426.009
2585.03	422.521
2585.93	438.534
2586.83	434.546
2587.72	421.559
2588.62	432.571
2589.52	430.584
2590.42	427.596
2591.31	437.109
2592.21	414.121
2593.11	427.634
2594.01	426.646
2594.9	421.159
2595.8	420.171
2596.7	423.684
2597.59	437.196
2598.49	418.709
2599.38	411.221
2600.28	431.234
2601.18	420.746
2602.07	426.759
2602.97	441.271
2603.86	432.784
2604.76	443.796
2605.65	419.809
2606.55	429.821
2607.45	413.834
2608.34	430.346
2609.23	437.359
2610.13	436.871
2611.02	428.884
2611.92	428.896
2612.81	426.409
2613.71	403.421
2614.6	427.434
2615.5	416.946
2616.39	430.959
2617.28	409.971
2618.18	412.984
2619.07	415.996
2619.96	430.509
2620.86	435.021
2621.75	454.034
2622.64	429.546
2623.53	421.059
2624.43	419.071
2625.32	414.083
2626.21	428.096
2627.1	424.609
2628	433.121
2628.89	422.133
2629.78	416.146
2630.67	410.158
2631.56	430.171
2632.45	449.183
2633.35	439.196
2634.24	412.208
2635.13	437.721
2636.02	434.733
2636.91	403.246
2637.8	410.758
2638.69	420.271
2639.58	429.283
2640.47	430.796
2641.36	412.308
2642.25	413.321
2643.14	399.333
2644.03	429.346
2644.92	416.358
2645.81	417.371
2646.7	428.383
2647.59	438.396
2648.48	437.408
2649.37	410.421
2650.25	425.933
2651.14	441.446
2652.03	416.958
2652.92	436.471
2653.81	430.983
2654.7	424.496
2655.58	432.008
2656.47	433.521
2657.36	424.533
2658.25	443.546
2659.13	428.558
2660.02	429.571
2660.91	426.583
2661.8	441.096
2662.68	419.608
2663.57	401.621
2664.46	413.633
2665.34	411.646
2666.23	430.658
2667.12	434.171
2668	430.183
2668.89	427.696
2669.78	425.208
2670.66	413.721
2671.55	418.733
2672.43	411.246
2673.32	427.758
2674.2	431.271
2675.09	437.283
2675.97	434.796
2676.86	428.308
2677.74	420.821
2678.63	447.833
2679.51	409.846
2680.4	428.358
2681.28	427.871
2682.16	430.883
2683.05	436.896
2683.93	450.908
2684.82	442.921
2685.7	429.933
2686.58	436.946
2687.47	407.958
2688.35	427.97
2689.23	433.983
2690.12	420.995
2691	425.008
2691.88	427.02
2692.76	432.033
2693.65	458.045
2694.53	422.058
2695.41	453.07
2696.29	443.083
2697.18	431.095
2698.06	415.108
2698.94	437.12
2699.82	435.133
2700.7	419.145
2701.58	437.658
2702.46	442.67
2703.35	431.683
2704.23	426.695
2705.11	440.708
2705.99	450.22
2706.87	456.233
2707.75	423.245
2708.63	438.258
2709.51	444.77
2710.39	432.283
2711.27	428.295
2712.15	430.808
2713.03	463.82
2713.91	446.833
2714.79	447.345
2715.67	438.858
2716.55	438.37
2717.42	444.883
2718.3	436.395
2719.18	433.408
2720.06	428.42
2720.94	446.433
2721.82	447.945
2722.7	456.958
2723.57	442.47
2724.45	450.483
2725.33	429.495
2726.21	440.008
2727.08	444.52
2727.96	400.533
2728.84	442.545
2729.72	453.558
2730.59	438.57
2731.47	436.583
2732.35	449.595
2733.22	440.108
2734.1	447.62
2734.98	432.133
2735.85	434.645
2736.73	457.158
2737.61	443.17
2738.48	438.183
2739.36	452.195
2740.23	433.708
2741.11	438.72
2741.98	432.733
2742.86	449.245
2743.73	440.758
2744.61	446.27
2745.49	435.782
2746.36	438.795
2747.23	445.307
2748.11	426.82
2748.98	444.332
2749.86	434.845
2750.73	422.357
2751.61	413.87
2752.48	430.882
2753.35	429.895
2754.23	426.407
2755.1	441.42
2755.97	417.932
2756.85	425.945
2757.72	455.457
2758.59	435.47
2759.47	433.982
2760.34	428.495
2761.21	448.007
2762.08	441.02
2762.96	428.532
2763.83	421.545
2764.7	414.057
2765.57	448.57
2766.44	428.082
2767.32	423.095
2768.19	435.607
2769.06	437.12
2769.93	440.132
2770.8	433.645
2771.67	431.157
2772.54	435.17
2773.41	410.182
2774.29	439.195
2775.16	424.207
2776.03	428.72
2776.9	430.232
2777.77	433.245
2778.64	424.257
2779.51	450.77
2780.38	421.782
2781.25	426.295
2782.12	440.307
2782.99	441.32
2783.86	435.332
2784.72	429.845
2785.59	439.357
2786.46	441.87
2787.33	430.382
2788.2	437.395
2789.07	429.407
2789.94	431.92
2790.81	426.432
2791.67	437.945
2792.54	429.457
2793.41	440.47
2794.28	433.482
2795.14	445.995
2796.01	427.007
2796.88	442.52
2797.75	418.532
2798.61	437.545
2799.48	423.557
2800.35	431.57
2801.21	444.582
2802.08	436.595
2802.95	446.107
2803.82	421.62
2804.68	441.632
2805.55	441.145
2806.41	430.657
2807.28	427.669
2808.15	412.682
2809.01	421.694
2809.88	424.707
2810.74	442.719
2811.61	445.732
2812.47	419.744
2813.34	430.757
2814.2	432.269
2815.07	431.782
2815.93	452.294
2816.8	439.807
2817.66	450.819
2818.52	445.832
2819.39	426.844
2820.25	447.857
2821.12	440.369
2821.98	463.882
2822.84	451.894
2823.71	439.907
2824.57	454.419
2825.43	482.932
2826.3	457.944
2827.16	445.957
2828.02	452.969
2828.89	458.482
2829.75	454.494
2830.61	470.007
2831.47	438.019
2832.34	443.032
2833.2	467.544
2834.06	442.057
2834.92	459.569
2835.78	452.582
2836.65	445.094
2837.51	448.607
2838.37	458.119
2839.23	496.132
2840.09	473.644
2840.95	476.657
2841.81	467.169
2842.68	486.182
2843.54	467.194
2844.4	483.207
2845.26	511.719
2846.12	487.232
2846.98	487.244
2847.84	493.257
2848.7	476.269
2849.56	498.282
2850.42	489.294
2851.28	491.307
2852.14	472.819
2852.99	458.832
2853.85	479.844
2854.71	476.357
2855.57	476.369
2856.43	470.882
2857.29	468.894
2858.15	468.407
2859.01	458.419
2859.86	484.932
2860.72	462.444
2861.58	464.457
2862.44	464.469
2863.3	434.481
2864.15	443.994
2865.01	439.506
2865.87	446.519
2866.73	449.031
2867.58	440.544
2868.44	458.056
2869.3	450.569
2870.16	444.581
2871.01	447.594
2871.87	456.106
2872.73	427.619
2873.58	442.131
2874.44	447.144
2875.29	454.656
2876.15	424.669
2877.01	450.681
2877.86	434.694
2878.72	450.706
2879.57	448.719
2880.43	415.731
2881.28	440.744
2882.14	436.756
2882.99	459.769
2883.85	428.781
2884.7	447.794
2885.56	443.306
2886.41	430.819
2887.27	452.831
2888.12	427.844
2888.97	400.856
2889.83	442.869
2890.68	429.881
2891.54	440.894
2892.39	432.906
2893.24	447.919
2894.1	435.431
2894.95	443.944
2895.8	407.956
2896.66	460.469
2897.51	429.481
2898.36	437.994
2899.21	444.006
2900.07	455.019
2900.92	436.031
2901.77	442.044
2902.62	440.056
2903.48	439.069
2904.33	442.081
2905.18	425.094
2906.03	410.106
2906.88	443.119
2907.73	439.131
2908.59	446.644
2909.44	436.656
2910.29	444.169
2911.14	425.181
2911.99	447.194
2912.84	421.706
2913.69	447.219
2914.54	452.231
2915.39	434.244
2916.24	403.256
2917.09	465.269
2917.94	442.281
2918.79	442.794
2919.64	428.306
2920.49	471.319
2921.34	439.831
2922.19	436.844
2923.04	448.856
2923.89	448.868
2924.74	463.881
2925.59	448.893
2926.43	459.406
2927.28	463.418
2928.13	454.931
2928.98	460.443
2929.83	467.956
2930.68	483.968
2931.52	478.481
2932.37	475.993
2933.22	504.006
2934.07	469.518
2934.92	464.531
2935.76	469.543
2936.61	460.556
2937.46	456.568
2938.3	464.581
2939.15	454.093
2940	458.106
2940.84	453.618
2941.69	434.631
2942.54	439.643
2943.38	446.156
2944.23	415.668
2945.08	457.181
2945.92	460.693
2946.77	443.706
2947.61	443.718
2948.46	437.731
2949.3	448.743
2950.15	456.256
2950.99	449.768
2951.84	464.781
2952.68	446.793
2953.53	452.806
2954.37	443.818
2955.22	448.831
2956.06	438.843
2956.91	455.356
2957.75	462.868
2958.6	445.881
2959.44	418.893
2960.28	439.406
2961.13	448.918
2961.97	449.931
2962.81	435.943
2963.66	434.956
2964.5	441.468
2965.34	444.981
2966.19	440.993
2967.03	453.006
2967.87	431.018
2968.72	442.531
2969.56	435.043
2970.4	437.056
2971.24	436.068
2972.08	422.081
2972.93	473.093
2973.77	438.106
2974.61	434.118
2975.45	430.131
2976.29	447.643
2977.14	419.155
2977.98	433.668
2978.82	449.18
2979.66	421.693
2980.5	436.205
2981.34	442.718
2982.18	452.23
2983.02	437.243
2983.86	438.255
2984.7	442.268
2985.54	453.78
2986.38	441.793
2987.22	442.305
2988.06	438.818
2988.9	438.83
2989.74	443.843
2990.58	459.355
2991.42	437.368
2992.26	425.38
2993.1	440.393
2993.94	424.905
2994.78	442.418
2995.62	428.93
2996.46	444.943
2997.29	430.455
2998.13	417.468
2998.97	435.98
2999.81	438.493
3000.65	433.005
3001.48	423.018
3002.32	413.03
3003.16	433.543
3004	431.555
3004.84	447.568
3005.67	430.58
3006.51	455.093
3007.35	449.605
3008.18	451.118
3009.02	441.63
3009.86	420.643
3010.69	415.655
3011.53	420.668
3012.37	435.68
3013.2	425.693
3014.04	438.705
3014.88	426.718
3015.71	436.23
3016.55	421.743
3017.38	440.755
3018.22	439.768
3019.05	440.78
3019.89	436.793
3020.72	410.305
3021.56	449.818
3022.39	434.83
3023.23	412.843
3024.06	439.855
3024.9	426.868
3025.73	439.88
3026.57	429.893
3027.4	437.905
3028.24	445.918
3029.07	418.93
3029.9	415.443
3030.74	437.955
3031.57	450.468
3032.4	448.98
3033.24	430.492
3034.07	439.005
3034.9	455.017
3035.74	422.03
3036.57	427.042
3037.4	432.555
3038.23	441.067
3039.07	428.08
3039.9	435.092
3040.73	416.105
3041.57	435.117
3042.4	424.13
3043.23	441.642
3044.06	439.557
3044.89	433.657
3045.72	431.936
3046.56	446.38
3047.39	449.706
3048.22	451.591
3049.05	436.004
3049.88	396.909
3050.71	438.98
3051.54	414.149
3052.37	438.842
3053.2	398.194
3054.03	439.095
3054.86	411.128
3055.69	422.63
3056.52	428.653
3057.35	433.093
3058.18	427.873
3059.01	448.527
3059.84	444.043
3060.67	421.89
3061.5	431.157
3062.33	416.775
3063.16	436.168
3063.99	443.43
3064.82	417.983
3065.65	444.163
3066.48	445.444
3067.3	439.176
3068.13	437.572
3068.96	440.603
3069.79	427.599
3070.62	438.111
3071.44	436.044
3072.27	441.328
3073.1	429.187
3073.93	430.114
3074.76	449.91
3075.58	446.474
3076.41	440.242
3077.24	435.279
3078.06	431.929
3078.89	436.056
3079.72	435.019
3080.54	428.335
3081.37	438.179
3082.2	446.621
3083.02	433.816
3083.85	428.409
3084.68	447.28
3085.5	438.429
3086.33	428.982
3087.15	431.903
3087.98	422.386
3088.8	431.935
3089.63	424.48
3090.46	418.474
3091.28	418.783
3092.1	428.931
3092.93	431.405
3093.75	426.809
3094.58	434.373
3095.4	439.646
3096.23	426.455
3097.05	435.75
3097.88	422.562
3098.7	428.787
3099.52	431.773
3100.35	429.331
3101.17	427.011
3102	425.331
3102.82	428.971
3103.64	427.42
3104.47	425.548
3105.29	432.866
3106.11	433.662
3106.94	427.372
3107.76	431.934
3108.58	424.513
3109.4	424.175
3110.23	417.725
3111.05	423.321
3111.87	422.804
3112.69	429.241
3113.51	423.318
3114.34	423
3115.16	431.309
3115.98	422.363
3116.8	418.297
3117.62	423.878
3118.44	423.583
3119.26	426.897
3120.08	416.749
3120.91	436.885
3121.73	424.978
3122.55	417.265
3123.37	425.695
3124.19	431.85
3125.01	424.857
3125.83	417.942
3126.65	397.904
3127.47	431.049
3128.13	427.824
3128.96	418.826
3129.78	404.828
3130.61	439.831
3131.43	408.833
3132.25	423.335
3133.08	430.337
3133.9	424.84
3134.72	422.842
3135.55	415.344
3136.37	410.846
3137.19	417.848
3138.02	439.351
3138.84	422.353
3139.66	431.855
3140.49	420.857
3141.31	411.36
3142.13	421.862
3142.95	438.364
3143.77	433.366
3144.6	409.368
3145.42	424.371
3146.24	401.873
3147.06	410.375
3147.89	409.377
3148.71	438.38
3149.53	407.882
3150.35	408.884
3151.17	424.886
3151.99	424.388
3152.81	417.891
3153.63	409.893
3154.45	420.395
3155.27	418.397
3156.09	430.9
3156.92	400.902
3157.74	424.404
3158.56	400.406
3159.38	409.409
3160.2	411.411
3161.02	424.413
3161.83	415.415
3162.65	399.917
3163.47	402.92
3164.29	391.922
3165.11	417.924
3165.93	420.426
3166.75	412.929
3167.57	411.931
3168.39	424.933
3169.21	399.935
3170.03	404.438
3170.84	408.94
3171.66	403.942
3172.48	393.944
3173.3	420.946
3174.12	421.949
3174.93	401.951
3175.75	411.953
3176.57	428.455
3177.39	403.958
3178.21	395.96
3179.02	404.962
3179.84	404.964
3180.66	391.966
3181.47	426.469
3182.29	426.971
3183.11	422.973
3183.92	396.975
3184.74	413.978
3185.56	398.98
3186.37	419.982
3187.19	417.984
3188	417.986
3188.82	422.489
3189.64	411.991
3190.45	406.493
3191.27	413.495
3192.08	389.998
3192.9	417
3193.71	406.002
3194.53	410.004
3195.34	397.007
3196.16	417.009
3196.97	429.511
3197.79	414.013
3198.6	396.015
3199.42	415.518
3200.23	404.02
3201.05	419.022
3201.86	417.524
3202.67	404.027
3203.49	426.029
3204.3	412.531
3205.12	386.033
3205.93	420.035
3206.74	416.038
3207.56	399.54
3208.37	411.042
3209.18	417.544
3209.99	408.047
3210.81	410.049
3211.62	400.051
3212.43	407.553
3213.25	411.555
3214.06	415.058
3214.87	422.56
3215.68	394.062
3216.49	427.564
3217.31	413.567
3218.12	403.569
3218.93	404.071
3219.74	405.073
3220.55	410.076
3221.36	423.578
3222.17	401.08
3222.99	412.582
3223.8	419.084
3224.61	387.087
3225.42	409.589
3226.23	409.091
3227.04	410.593
3227.85	396.596
3228.66	417.098
3229.47	397.1
3230.28	413.102
3231.09	409.104
3231.9	417.607
3232.71	407.109
3233.52	396.111
3234.33	393.113
3235.14	396.116
3235.95	417.118
3236.76	403.12
3237.57	375.122
3238.38	403.625
3239.19	381.127
3239.99	389.129
3240.8	400.131
3241.61	403.133
3242.42	411.136
3243.23	422.638
3244.04	383.14
3244.84	388.142
3245.65	401.145
3246.46	417.647
3247.27	377.149
3248.08	390.151
3248.88	402.153
3249.69	409.156
3250.5	414.658
3251.3	415.66
3252.11	395.162
3252.92	410.165
3253.73	393.667
3254.53	397.169
3255.34	389.171
3256.15	415.173
3256.95	403.676
3257.76	399.178
3258.56	409.18
3259.37	402.682
3260.18	400.185
3260.98	409.187
3261.79	406.689
3262.59	394.691
3263.4	403.194
3264.2	392.696
3265.01	396.198
3265.82	406.2
3266.62	363.202
3267.42	383.205
3268.23	405.707
3269.03	416.209
3269.84	408.711
3270.64	394.714
3271.45	413.216
3272.25	389.218
3273.06	394.72
3273.86	418.722
3274.66	389.725
3275.47	392.227
3276.27	390.729
3277.08	403.731
3277.88	398.234
3278.68	403.736
3279.48	396.238
3280.29	400.74
3281.09	383.242
3281.89	422.745
3282.7	382.247
3283.5	392.249
3284.3	400.751
3285.1	392.754
3285.91	404.256
3286.71	391.758
3287.51	401.76
3288.31	403.763
3289.12	380.265
3289.92	384.267
3290.72	399.269
3291.52	383.771
3292.32	388.274
3293.12	406.276
3293.92	401.778
3294.73	394.28
3295.53	387.283
3296.33	405.785
3297.13	387.287
3297.93	396.289
3298.73	386.291
3299.53	384.294
3300.33	384.296
3301.13	398.298
3301.93	370.3
3302.73	380.303
3303.53	397.305
3304.33	407.807
3305.13	394.309
3305.93	383.812
3306.73	384.814
3307.53	404.316
3308.33	369.318
3309.13	361.32
3309.93	404.823
3310.73	392.325
3311.52	363.827
3312.32	400.829
3313.12	382.332
3313.92	381.334
3314.72	387.336
3315.52	395.338
3316.31	396.84
3317.11	392.343
3317.91	411.345
3318.71	372.347
3319.51	387.349
3320.3	398.352
3321.1	395.354
3321.9	372.856
3322.7	394.858
3323.49	391.86
3324.29	375.363
3325.09	397.865
3325.88	388.367
3326.68	384.869
3327.48	384.372
3328.27	384.374
3329.07	391.876
3329.87	379.378
3330.66	391.38
3331.46	392.883
3332.25	389.385
3333.05	376.387
3333.84	394.389
3334.64	385.392
3335.44	400.394
3336.23	368.396
3337.03	380.898
3337.82	391.401
3338.62	372.903
3339.41	380.405
3340.21	362.407
3341	386.909
3341.8	376.412
3342.59	389.914
3343.39	377.416
3344.18	373.418
3344.97	392.421
3345.77	394.923
3346.56	385.425
3347.35	366.427
3348.15	400.93
3348.94	378.932
3349.74	388.434
3350.53	390.436
3351.32	374.438
3352.12	394.941
3352.91	383.443
3353.7	375.445
3354.49	382.447
3355.29	376.95
3356.08	371.452
3356.87	396.954
3357.66	396.456
3358.46	375.458
3359.25	383.961
3360.04	381.963
3360.83	396.965
3361.62	395.467
3362.42	385.47
3363.21	382.472
3364	385.474
3364.79	387.476
3365.58	389.478
3366.37	382.481
3367.16	383.483
3367.96	379.985
3368.75	367.487
3369.54	383.99
3370.33	387.492
3371.12	384.994
3371.91	369.996
3372.7	396.499
3373.49	372.001
3374.28	378.503
3375.07	376.505
3375.86	388.507
3376.65	377.51
3377.44	384.512
3378.23	368.514
3379.02	384.516
3379.81	372.019
3380.6	383.521
3381.38	381.523
3382.17	379.525
3382.96	378.527
3383.75	377.53
3384.54	377.532
3385.33	391.534
3386.12	382.536
3386.91	377.539
3387.69	385.041
3388.48	379.543
3389.27	368.545
3390.06	393.047
3390.85	387.55
3391.63	389.052
3392.42	383.054
3393.21	387.556
3394	355.559
3394.78	379.061
3395.57	375.063
3396.36	366.565
3397.14	373.068
3397.93	385.07
3398.72	378.072
3399.5	380.074
3400.29	378.576
3401.08	389.079
3401.86	390.581
3402.65	376.583
3403.44	383.585
3404.22	361.588
3405.01	367.59
3405.79	380.092
3406.58	393.594
3407.36	390.596
3408.15	373.099
3408.93	368.601
3409.72	361.603
3410.5	397.105
3411.29	372.608
3412.07	383.11
3412.86	365.612
3413.64	368.114
3414.43	382.116
3415.21	382.619
3416	375.621
3416.78	377.623
3417.57	354.625
3418.35	367.128
3419.13	379.63
3419.92	377.132
3420.7	385.134
3421.48	374.137
3422.27	360.139
3423.05	392.641
3423.83	375.643
3424.62	398.645
3425.4	369.648
3426.18	363.65
3426.97	365.652
3427.75	397.654
3428.53	374.657
3429.31	368.659
3430.1	369.661
3430.88	382.663
3431.66	375.665
3432.44	373.668
3433.22	382.67
3434.01	342.672
3434.79	366.174
3435.57	366.677
3436.35	356.679
3437.13	374.181
3437.91	361.683
3438.7	368.185
3439.48	356.688
3440.26	367.19
3441.04	345.692
3441.82	372.194
3442.6	364.697
3443.38	370.699
3444.16	367.701
3444.94	380.203
3445.72	391.706
3446.5	364.208
3447.28	370.71
3448.06	352.712
3448.84	352.714
3449.62	389.717
3450.4	361.219
3451.18	376.721
3451.96	371.723
3452.74	363.726
3453.52	379.728
3454.3	364.73
3455.07	343.732
3455.85	362.234
3456.63	369.737
3457.41	356.239
3458.19	375.741
3458.97	363.743
3459.75	350.746
3460.52	371.248
3461.3	355.75
3462.08	362.252
3462.86	343.755
3463.64	370.257
3464.41	354.759
3465.19	368.761
3465.97	358.763
3466.75	353.766
3467.52	361.768
3468.3	374.27
3469.08	350.772
3469.85	365.775
3470.63	349.777
3471.41	365.279
3472.18	344.781
3472.96	369.283
3473.74	356.286
3474.51	348.788
3475.29	368.79
3476.06	352.292
3476.84	360.795
3477.62	365.797
3478.39	367.299
3479.17	366.801
3479.94	363.303
3480.72	354.806
3481.49	362.808
3482.27	353.31
3483.04	360.312
3483.82	351.315
3484.59	352.817
3485.37	349.819
3486.14	356.821
3486.92	365.824
3487.69	344.826
3488.47	338.828
3489.24	346.83
3490.01	362.832
3490.79	371.835
3491.56	352.837
3492.34	360.839
3493.11	361.341
3493.88	348.844
3494.66	355.846
3495.43	356.848
3496.2	365.85
3496.98	364.352
3497.75	343.855
3498.52	346.357
3499.3	354.859
3500.07	365.361
3500.84	348.364
3501.61	367.366
3502.39	366.368
3503.16	358.37
3503.93	353.372
3504.7	361.875
3505.48	360.877
3506.25	367.879
3507.02	352.381
3507.79	338.884
3508.56	335.886
3509.33	382.888
3510.1	362.39
3510.88	359.393
3511.65	360.895
3512.42	361.897
3513.19	370.399
3513.96	374.401
3514.73	365.904
3515.5	360.906
3516.27	359.908
3517.04	365.91
3517.81	368.413
3518.58	354.415
3519.35	342.917
3520.12	377.419
3520.89	355.921
3521.66	324.924
3522.43	363.926
3523.2	336.928
3523.97	354.93
3524.74	349.933
3525.51	353.435
3526.28	343.937
3527.05	352.939
3527.82	373.942
3528.59	372.444
3529.35	361.946
3530.12	354.948
3530.89	358.95
3531.66	353.953
3532.43	365.455
3533.2	357.457
3533.96	349.959
3534.73	349.962
3535.5	346.464
3536.27	335.966
3537.03	356.968
3537.8	358.97
3538.57	369.473
3539.34	362.475
3540.1	345.477
3540.87	363.979
3541.64	362.482
3542.4	352.984
3543.17	353.986
3543.94	365.988
3544.71	343.49
3545.47	345.493
3546.24	358.995
3547	366.497
3547.77	352.999
3548.54	358.002
3549.3	356.504
3550.07	330.006
3550.83	366.508
3551.6	360.011
3552.37	368.013
3553.13	340.015
3553.9	358.517
3554.66	355.019
3555.43	358.022
3556.19	368.024
3556.96	355.026
3557.72	361.528
3558.49	341.031
3559.25	351.033
3560.01	348.035
3560.78	343.037
3561.54	346.789
3562.31	350.542
3563.07	344.044
3563.84	354.546
3564.6	350.048
3565.36	345.551
3566.13	348.053
3566.89	360.055
3567.65	357.057
3568.42	356.56
3569.18	341.562
3569.94	332.564
3570.71	360.066
3571.47	355.068
3572.23	344.571
3573	347.073
3573.76	361.575
3574.52	360.077
3575.28	351.08
3576.04	343.082
3576.81	336.584
3577.57	372.086
3578.33	361.088
3579.09	327.091
3579.85	349.093
3580.62	329.595
3581.38	326.097
3582.14	346.6
3582.9	345.102
3583.66	334.104
3584.42	340.606
3585.18	328.108
3585.95	334.111
3586.71	336.113
3587.47	343.115
3588.23	345.617
3588.99	320.12
3589.75	342.122
3590.51	339.124
3591.27	333.126
3592.03	346.129
3592.79	345.131
3593.55	344.133
3594.31	339.635
3595.07	339.637
3595.83	341.14
3596.59	324.142
3597.35	353.644
3598.11	334.146
3598.87	342.649
3599.62	346.651
3600.38	326.153
3601.14	335.155
3601.9	351.157
3602.66	336.66
3603.42	342.162
3604.18	345.664
3604.93	339.166
3605.69	356.193
3606.45	365.22
3607.21	329.247
3607.97	338.274
3608.72	350.551
3609.48	348.828
3610.24	352.355
3611	350.382
3611.75	332.409
3612.51	344.936
3613.27	345.463
3614.03	343.99
3614.78	343.017
3615.54	339.544
3616.3	328.571
3617.05	337.598
3617.81	337.625
3618.57	354.652
3619.32	338.179
3620.08	335.706
3620.84	345.733
3621.59	343.76
3622.35	335.787
3623.1	341.814
3623.86	328.341
3624.61	347.368
3625.37	346.895
3626.13	331.922
3626.88	339.949
3627.64	346.476
3628.39	339.503
3629.15	341.03
3629.9	348.057
3630.66	346.084
3631.41	361.611
3632.17	352.138
3632.92	331.665
3633.67	337.192
3634.43	336.219
3635.18	338.246
3635.94	350.773
3636.69	337.8
3637.45	337.327
3638.2	344.354
3638.95	362.881
3639.71	354.408
3640.46	339.435
3641.21	371.462
3641.97	321.489
3642.72	336.516
3643.47	347.043
3644.23	355.07
3644.98	343.097
3645.73	348.124
3646.48	341.651
3647.24	354.178
3647.99	358.705
3648.74	333.232
3649.49	333.259
3650.25	350.286
3651	350.313
3651.75	333.84
3652.5	333.868
3653.25	328.394
3654	352.922
3654.76	340.948
3655.51	348.975
3656.26	336.003
3657.01	342.529
3657.76	335.056
3658.51	338.083
3659.26	347.111
3660.01	344.137
3660.76	322.164
3661.52	346.691
3662.27	339.219
3663.02	328.246
3663.77	337.273
3664.52	333.799
3665.27	333.327
3666.02	331.354
3666.77	344.381
3667.52	332.408
3668.27	340.435
3669.02	329.962
3669.76	342.489
3670.51	340.016
3671.26	346.542
3672.01	352.07
3672.76	348.097
3673.51	342.124
3674.26	349.151
3675.01	336.178
3675.76	328.705
3676.51	315.732
3677.25	328.759
3678	322.786
3678.75	343.313
3679.5	332.34
3680.25	340.867
3680.99	337.394
3681.74	329.421
3682.49	342.448
3683.24	329.475
3683.99	329.002
3684.73	318.029
3685.48	329.056
3686.23	326.083
3686.98	336.11
3687.72	326.637
3688.47	325.664
3689.22	341.191
3689.96	326.218
3690.71	328.245
3691.46	339.772
3692.2	298.299
3692.95	337.326
3693.7	326.853
3694.44	319.38
3695.19	341.907
3695.93	327.934
3696.68	330.461
3697.42	326.488
3698.17	327.515
3698.92	312.042
3699.66	337.069
3700.41	321.096
3701.15	330.623
3701.9	329.15
3702.64	315.677
3703.39	318.204
3704.13	329.731
3704.88	309.758
3705.62	326.785
3706.37	313.812
3707.11	338.339
3707.85	322.866
3708.6	285.893
3709.34	314.42
3710.09	286.947
3710.83	325.474
3711.57	314.501
3712.32	336.028
3713.06	326.055
3713.8	313.082
3714.55	329.109
3715.29	308.136
3716.03	316.163
3716.78	334.19
3717.52	331.217
3718.26	318.744
3719.01	306.271
3719.75	321.298
3720.49	313.325
3721.23	319.352
3721.98	325.379
3722.72	322.906
3723.46	319.933
3724.2	327.96
3724.94	310.987
3725.69	329.014
3726.43	307.041
3727.17	312.568
3727.91	311.595
3728.65	318.622
3729.39	310.149
3730.14	321.676
3730.88	310.703
3731.62	314.23
3732.36	318.757
3733.1	322.784
3733.84	327.811
3734.58	308.838
3735.32	317.865
3736.06	312.392
3736.8	330.919
3737.54	323.946
3738.28	313.973
3739.02	315
3739.76	330.027
3740.5	316.054
3741.24	309.081
3741.98	329.108
3742.72	292.135
3743.46	316.662
3744.2	331.189
3744.94	307.716
3745.68	311.243
3746.42	310.27
3747.16	321.297
3747.9	305.324
3748.64	302.351
3749.37	316.378
3750.11	305.405
3750.85	337.432
3751.59	332.959
3752.33	327.486
3753.07	320.013
3753.8	326.54
3754.54	309.567
3755.28	328.594
3756.02	324.121
3756.75	312.648
3757.49	330.175
3758.23	315.202
3758.97	312.729
3759.71	331.756
3760.44	323.783
3761.18	309.31
3761.92	311.837
3762.65	297.864
3763.39	295.891
3764.13	319.918
3764.86	328.945
3765.6	328.472
3766.34	315.999
3767.07	305.026
3767.81	310.053
3768.54	309.08
3769.28	309.185
3770.02	310.842
3770.75	324.128
3771.49	306.696
3772.22	304.687
3772.96	325.241
3773.69	294.714
3774.43	300.599
3775.16	307.273
3775.9	314.763
3776.63	309.209
3777.37	294.79
3778.1	307.665
3778.84	299.595
3779.57	304.965
3780.31	302.659
3781.04	307.023
3781.78	323.095
3782.51	306.784
3783.24	314.551
3783.98	326.142
3784.71	319.945
3785.45	315.437
3786.18	305.395
3786.91	309.314
3787.65	317.331
3788.38	313.381
3789.11	315.62
3789.85	312.834
3790.58	315.713
3791.31	318.867
3792.05	313.611
3792.78	314.142
3793.51	312.019
3794.24	317.789
3794.98	311.895
3795.71	315.844
3796.44	304.593
3797.17	304.381
3797.91	308.786
3798.64	309.532
3799.37	310.764
3800.1	315.062
3800.83	311.795
3801.56	304.568
3802.3	301.963
3803.03	299.638
3803.76	319.719
3804.49	297.813
3805.22	312.61
3805.95	306.827
3806.68	318.141
3807.41	315.433
3808.14	303.864
3808.87	298.928
3809.6	314.792
3810.34	305.371
3811.07	313.19
3811.8	314.472
3812.53	314.923
3813.26	290.427
3813.99	296.697
3814.72	309.788
3815.45	301.897
3816.18	311.003
3816.91	305.381
3817.63	302.672
3818.36	310.416
3819.09	300.192
3819.82	303.451
3820.55	302
3821.28	306.31
3822.01	291.417
3822.74	311.222
3823.47	305.844
3824.19	298.082
3824.92	317.176
3825.65	297.375
3826.38	304.112
3827.11	302.336
3827.84	316.649
3828.56	311.411
3829.29	299.584
3830.02	289.188
3830.75	300.915
3831.47	302.84
3832.2	300.273
3832.93	304.203
3833.66	298.287
3834.38	299.53
3835.11	304.334
3835.84	291.11
3836.56	299.483
3837.29	315.718
3838.02	296.298
3838.75	291.849
3839.47	295.142
3840.2	298.827
3840.92	302.889
3841.65	304.426
3841.86	304.727
3842.59	298.226
3843.32	297.724
3844.05	299.722
3844.78	297.721
3845.51	302.219
3846.24	301.218
3846.97	285.216
3847.7	284.214
3848.43	287.213
3849.16	314.211
3849.89	288.209
3850.62	286.208
3851.35	289.706
3852.08	288.704
3852.81	301.203
3853.53	297.201
3854.26	294.7
3854.99	283.198
3855.72	286.696
3856.45	301.695
3857.18	295.693
3857.91	284.191
3858.63	308.69
3859.36	303.188
3860.09	302.186
3860.82	285.685
3861.55	295.683
3862.27	299.182
3863	292.68
3863.73	297.178
3864.46	291.177
3865.18	314.175
3865.91	311.173
3866.64	284.672
3867.36	290.67
3868.09	274.168
3868.82	291.667
3869.54	287.165
3870.27	301.164
3871	304.162
3871.72	294.66
3872.45	299.159
3873.18	310.657
3873.9	290.155
3874.63	286.154
3875.35	278.152
3876.08	278.151
3876.81	309.149
3877.53	289.147
3878.26	295.146
3878.98	301.644
3879.71	293.142
3880.43	287.141
3881.16	298.139
3881.88	308.137
3882.61	300.636
3883.33	308.134
3884.06	290.633
3884.78	283.131
3885.51	289.629
3886.23	286.128
3886.96	290.126
3887.68	290.124
3888.41	296.623
3889.13	291.621
3889.85	292.119
3890.58	290.118
3891.3	293.116
3892.03	286.115
3892.75	304.113
3893.47	299.111
3894.2	294.61
3894.92	290.608
3895.64	281.106
3896.37	302.105
3897.09	287.103
3897.81	304.101
3898.53	292.6
3899.26	284.598
3899.98	277.597
3900.7	288.095
3901.42	287.093
3902.15	287.092
3902.87	293.09
3903.59	289.088
3904.31	280.087
3905.04	284.085
3905.76	294.583
3906.48	293.582
3907.2	283.08
3907.92	279.079
3908.64	291.577
3909.37	292.075
3910.09	290.574
3910.81	295.072
3911.53	281.07
3912.25	289.069
3912.97	273.567
3913.69	276.065
3914.41	276.564
3915.13	289.562
3915.85	272.061
3916.57	303.059
3917.29	262.057
3918.02	291.056
3918.74	279.554
3919.46	282.052
3920.18	286.551
3920.9	298.049
3921.62	282.048
3922.34	279.046
3923.05	282.044
3923.77	280.043
3924.49	279.041
3925.21	297.039
3925.93	288.038
3926.65	272.036
3927.37	287.534
3928.09	283.033
3928.81	283.531
3929.53	278.53
3930.25	291.528
3930.96	289.026
3931.68	285.025
3932.4	256.023
3933.12	280.021
3933.84	297.52
3934.56	290.518
3935.27	271.016
3935.99	279.015
3936.71	273.513
3937.43	287.012
3938.14	287.01
3938.86	276.508
3939.58	274.007
3940.3	271.505
3941.01	290.003
3941.73	286.502
3942.45	283
3943.17	277.498
3943.88	267.997
3944.6	264.995
3945.32	274.994
3946.03	271.992
3946.75	284.99
3947.47	269.989
3948.18	272.987
3948.9	262.985
3949.61	277.984
3950.33	274.482
3951.05	269.48
3951.76	288.979
3952.48	271.977
3953.19	262.976
3953.91	250.974
3954.62	271.472
3955.34	269.971
3956.05	285.469
3956.77	280.467
3957.48	274.966
3958.2	278.964
3958.91	270.963
3959.63	266.961
3960.34	281.959
3961.06	270.958
3961.77	265.956
3962.49	277.954
3963.2	279.953
3963.92	271.451
3964.63	272.949
3965.34	264.448
3966.06	245.946
3966.77	262.945
3967.49	267.443
3968.2	271.941
3968.91	266.94
3969.63	261.938
3970.34	280.936
3971.05	260.935
3971.77	260.933
3972.48	271.931
3973.19	266.93
3973.91	266.928
3974.62	262.927
3975.33	268.425
3976.04	268.923
3976.76	262.922
3977.47	277.42
3978.18	252.418
3978.89	266.917
3979.6	278.415
3980.32	251.913
3981.03	258.412
3981.74	254.41
3982.45	264.409
3983.16	263.907
3983.88	265.405
3984.59	271.904
3985.3	267.402
3986.01	268.4
3986.72	265.899
3987.43	271.897
3988.14	262.895
3988.85	253.894
3989.56	277.892
3990.28	261.891
3990.99	275.889
3991.7	265.887
3992.41	257.386
3993.12	262.884
3993.83	251.882
3994.54	255.881
3995.25	247.379
3995.96	263.378
3996.67	267.376
3997.38	258.874
3998.09	254.873
3998.8	251.371
3999.51	267.369
