201.015	4847
202.282	4790.93
203.551	4838.86
204.817	4874.79
206.085	4849.72
207.352	4951.15
208.619	4996.08
209.885	4956.01
211.152	4973.44
212.418	5021.37
213.685	5041.3
214.95	5080.73
216.216	5139.16
217.481	5131.59
218.745	5130.52
220.011	5196.95
221.275	5252.38
222.54	5192.31
223.804	5215.74
225.069	5253.67
226.332	5149.6
227.595	5163.52
228.859	5156.95
230.122	5151.38
231.384	5054.81
232.648	5035.74
233.91	4946.17
235.173	4947.1
236.435	4882.03
237.696	4857.96
238.959	4856.39
240.22	4847.82
241.48	4825.75
242.741	4734.68
244.003	4786.61
245.263	4626.54
246.523	4624.97
247.784	4532.4
249.044	4588.83
250.303	4564.76
251.562	4538.19
252.823	4444.12
254.081	4453.05
255.34	4448.98
256.598	4399.91
257.858	4376.84
259.116	4341.77
260.373	4308.7
261.631	4284.63
262.888	4310.56
264.147	4252.49
265.404	4213.92
266.66	4255.85
267.917	4206.78
269.173	4171.21
270.429	4121.14
271.685	4160.57
272.942	4164
274.197	4106.93
275.453	4073.36
276.708	4051.29
277.963	4101.22
279.217	4040.14
280.472	4065.07
281.726	4104.5
282.98	4093.43
284.234	4093.86
285.488	4059.29
286.742	4055.22
287.996	4127.15
289.249	4100.58
290.502	4061.01
291.754	4095.44
293.007	4117.87
294.259	4161.3
295.511	4064.73
296.763	4142.16
298.014	4146.59
299.266	4133.52
300.517	4071.45
301.768	4145.38
303.017	4165.31
304.268	4183.24
305.518	4206.17
306.768	4192.1
308.018	4172.03
309.268	4175.96
310.518	4236.89
311.767	4242.82
313.016	4146.75
314.265	4223.18
315.514	4255.11
316.761	4188.54
318.01	4277.47
319.258	4261.4
320.506	4237.83
321.754	4279.76
323.001	4237.69
324.247	4189.62
325.494	4223.55
326.741	4171.48
327.988	4166.91
329.235	4277.83
330.48	4230.27
331.726	4282.19
332.972	4222.12
334.218	4207.55
335.463	4185.48
336.707	4274.41
337.952	4228.34
339.197	4212.27
340.441	4220.2
341.685	4314.63
342.929	4304.06
344.174	4346.99
345.416	4277.92
346.66	4349.85
347.904	4314.78
349.145	4320.71
350.389	4338.64
351.632	4361.57
352.873	4425
354.115	4364.43
355.358	4433.36
356.599	4507.79
357.841	4472.22
359.081	4484.15
360.322	4484.08
361.564	4526.51
362.803	4551.94
364.044	4600.37
365.284	4602.8
366.524	4577.73
367.765	4604.16
369.003	4700.59
370.243	4688.52
371.482	4728.95
372.721	4841.38
373.959	4850.31
375.198	4846.24
376.436	4925.17
377.675	5025.1
378.912	5068.03
380.15	5093.96
381.387	5192.38
382.625	5235.81
383.861	5310.24
385.099	5327.17
386.335	5408.6
387.571	5481.53
388.808	5473.46
390.043	5583.89
391.28	5587.32
392.515	5632.25
393.749	5676.18
394.985	5686.11
396.22	5727.04
397.455	5786.97
398.689	5739.9
399.923	5835.83
401.158	5785.26
402.391	5812.69
403.625	5916.12
404.859	5910.55
406.092	5910.48
407.324	5952.41
408.558	6005.84
409.79	6033.27
411.022	6108.2
412.256	6010.13
413.487	6156.56
414.719	6203.99
415.95	6307.92
417.182	6330.85
418.413	6405.78
419.644	6406.71
420.874	6541.14
422.106	6558.07
423.336	6769
424.566	6883.43
425.795	6915.36
427.025	7064.29
428.255	7212.22
429.484	7351.15
430.713	7618.58
431.942	7725
433.17	8058.43
434.399	8267.86
435.627	8558.79
436.856	8880.72
438.084	9328.15
439.311	9700.08
440.538	10076.5
441.765	10768.4
442.992	11451.4
444.219	12110.3
445.445	13049.2
446.672	13987.7
447.898	15092.1
449.124	16599.5
450.349	17999
451.576	19576.9
452.802	20913.8
454.027	22601.7
455.252	23859.7
456.476	24850.6
457.701	24901.5
458.925	24663.5
460.149	23630.4
461.373	22564.3
462.596	20708.3
463.819	18904.2
465.043	17257.6
466.266	15711
467.489	14133
468.711	12813.4
469.934	11779.8
471.156	10870.8
472.379	9948.69
473.601	9324.12
474.822	8840.05
476.044	8314.48
477.264	7956.41
478.485	7621.84
479.706	7266.77
480.927	6902.19
482.148	6797.13
483.368	6540.55
484.588	6343.48
485.807	6170.91
487.027	6012.84
488.246	5950.77
489.466	5807.2
490.685	5727.13
491.903	5616.06
493.122	5553.49
494.34	5452.42
495.559	5311.85
496.776	5322.78
497.994	5213.21
499.212	5176.14
500.43	5104.07
501.646	5131
502.863	5050.43
504.08	4981.86
505.296	5022.79
506.512	4901.72
507.729	4892.65
508.944	4852.58
510.16	4874.51
511.376	4816.44
512.59	4769.87
513.806	4786.3
515.021	4788.23
516.235	4784.16
517.45	4752.09
518.663	4723.52
519.878	4783.95
521.093	4750.88
522.305	4681.31
523.519	4760.74
524.732	4674.67
525.945	4706.1
527.158	4759.53
528.371	4746.96
529.582	4774.39
530.795	4741.32
532.007	4811.24
533.219	4799.17
534.43	4805.6
535.642	4821.53
536.853	4824.96
538.064	4876.89
539.274	4879.32
540.486	4828.75
541.696	4856.68
542.907	4924.61
544.116	4837.04
545.326	4921.47
546.535	4962.9
547.744	4938.33
548.954	5009.26
550.163	5000.19
551.372	5050.12
552.58	4977.05
553.788	4931.48
554.997	5048.91
556.205	5017.84
557.412	4943.77
558.62	4985.2
559.827	5031.63
561.034	5036.06
562.242	4957.49
563.448	4990.42
564.654	5002.35
565.861	4983.78
567.067	5063.21
568.273	5017.14
569.478	4955.07
570.685	4962
571.89	4969.93
573.094	4978.36
574.299	4926.79
575.505	4951.22
576.709	4942.65
577.913	4869.58
579.117	4881.51
580.322	4833.44
581.525	4909.37
582.728	4861.29
583.931	4773.72
585.134	4771.65
586.337	4768.08
587.541	4720.01
588.743	4694.94
589.945	4723.87
591.147	4669.3
592.349	4602.73
593.55	4582.66
594.752	4604.59
595.953	4651.52
597.154	4609.45
598.355	4534.38
599.557	4533.81
600.757	4494.74
601.957	4490.17
603.157	4411.6
604.357	4381.03
605.557	4318.96
606.756	4333.89
607.955	4290.32
609.154	4229.25
610.353	4211.18
611.552	4186.61
612.75	4240.04
613.949	4161.47
615.147	4076.4
616.345	4109.33
617.543	4040.26
618.739	3979.19
619.936	3992.12
621.133	3907.05
622.33	3919.98
623.527	3864.91
624.724	3867.34
625.92	3861.77
627.116	3808.7
628.312	3813.63
629.508	3784.56
630.702	3726.48
631.898	3731.41
633.093	3741.84
634.288	3663.27
635.483	3611.2
636.678	3553.63
637.871	3588.06
639.065	3534.49
640.26	3468.92
641.454	3431.85
642.646	3421.78
643.84	3381.21
645.033	3366.14
646.226	3342.07
647.418	3268.5
648.611	3256.43
649.803	3228.36
650.996	3244.79
652.187	3189.22
653.379	3115.15
654.571	3150.08
655.761	3120.01
656.952	3014.94
658.144	2990.87
659.334	3001.8
660.525	2966.23
661.715	2920.16
662.905	2885.59
664.095	2866.02
665.285	2881.45
666.474	2804.38
667.664	2837.31
668.852	2715.24
670.041	2716.17
671.229	2689.1
672.418	2702.03
673.607	2678.96
674.795	2652.39
675.983	2620.82
677.17	2615.25
678.358	2620.68
679.545	2557.6
680.733	2541.53
681.919	2531.46
683.106	2535.89
684.292	2470.82
685.479	2495.25
686.665	2453.18
687.851	2418.11
689.036	2448.04
690.221	2400.47
691.407	2397.9
692.592	2433.33
693.778	2398.76
694.962	2396.69
696.147	2411.62
697.331	2407.55
698.515	2406.98
699.699	2369.41
700.883	2320.34
702.066	2347.27
703.25	2361.2
704.433	2364.63
705.615	2341.06
706.799	2273.49
707.981	2300.42
709.163	2293.35
710.346	2289.78
711.528	2238.71
712.709	2299.64
713.892	2289.07
715.073	2303.5
716.253	2251.43
717.434	2205.36
718.616	2279.79
719.796	2300.22
720.976	2258.65
722.156	2249.08
723.336	2229.01
724.517	2257.94
725.696	2212.87
726.875	2201.8
728.054	2210.22
729.233	2179.65
730.412	2226.08
731.592	2208.51
732.77	2178.44
733.948	2186.87
735.126	2105.3
736.303	2147.23
737.481	2133.16
738.658	2141.59
739.835	2152.02
741.012	2113.45
742.191	2106.38
743.367	2070.81
744.544	2092.74
745.72	2090.67
746.896	2076.6
748.072	2049.03
749.247	2051.96
750.423	2055.39
751.598	2036.32
752.773	2039.25
753.948	2033.68
755.123	2015.11
756.297	2018.54
757.472	2009.97
758.646	2023.9
759.82	1994.33
760.994	1969.26
762.166	1994.19
763.34	1983.62
764.513	1993.05
765.686	1960.48
766.859	1961.41
768.032	1982.84
769.204	1959.27
770.377	1974.7
771.549	2011.63
772.719	1925.06
773.891	1926.99
775.063	1967.42
776.234	1947.84
777.406	1940.77
778.577	1955.7
779.746	1996.63
780.917	1949.06
782.088	1934.99
783.258	1969.92
784.427	1928.35
785.597	1959.78
786.767	1936.21
787.936	1970.14
789.104	1946.07
790.273	1951
791.443	1966.43
792.612	1967.86
793.779	1917.79
794.947	1943.72
796.116	1925.15
797.283	1973.08
798.451	1968.51
799.618	1954.44
800.785	1954.37
801.952	1960.8
803.119	1898.23
804.285	1975.16
805.452	1919.09
806.617	1972.02
807.784	1962.45
808.95	1938.88
810.115	1908.81
811.281	1920.74
812.445	1956.17
813.611	1961.6
814.775	1936.53
815.94	1913.46
817.104	1914.39
818.269	1906.32
819.432	1930.25
820.597	1950.18
821.76	1890.11
822.924	1909.54
824.087	1918.46
825.251	1958.89
826.413	1891.82
827.576	1955.75
828.738	1910.18
829.901	1897.11
831.063	1913.54
832.224	1899.97
833.387	1863.9
834.548	1899.33
835.71	1893.26
836.871	1854.69
838.031	1881.12
839.193	1876.55
840.353	1881.98
841.513	1877.91
842.674	1837.84
843.834	1869.77
844.993	1854.7
846.154	1821.63
847.313	1814.06
848.472	1847.99
849.632	1828.42
850.79	1874.35
851.948	1835.28
853.107	1838.21
854.266	1835.64
855.424	1822.57
856.581	1861
857.739	1857.93
858.896	1858.86
860.054	1814.79
861.211	1849.72
862.368	1832.65
863.524	1818.58
864.681	1842.51
865.838	1851.94
866.994	1843.87
868.15	1861.8
869.306	1803.23
870.461	1853.66
871.616	1885.58
872.772	1855.01
873.927	1848.44
875.083	1849.87
876.237	1851.3
877.392	1842.23
878.546	1870.66
879.7	1879.59
880.854	1811.02
882.007	1817.45
883.161	1879.38
884.314	1852.31
885.467	1844.24
886.62	1849.67
887.773	1870.1
888.925	1838.53
890.078	1838.96
891.23	1851.89
892.382	1833.32
893.534	1826.75
894.686	1818.68
895.837	1838.61
896.989	1814.54
898.14	1858.97
899.289	1839.9
900.44	1833.33
901.591	1860.76
902.741	1794.19
903.892	1819.12
905.042	1850.55
906.192	1855.48
907.341	1853.41
908.49	1856.84
909.639	1854.77
910.788	1810.7
911.937	1860.13
913.086	1832.06
914.234	1842.99
915.382	1818.42
916.53	1790.85
917.679	1849.28
918.825	1825.21
919.973	1792.13
921.121	1786.06
922.268	1838.49
923.414	1796.92
924.561	1823.85
925.708	1773.78
926.855	1781.71
928	1784.14
929.146	1791.07
930.292	1819.5
931.437	1807.43
932.583	1752.36
933.727	1765.29
934.873	1775.22
936.018	1748.15
937.162	1805.08
938.307	1762.51
939.452	1802.44
940.595	1757.87
941.739	1759.8
942.882	1742.73
944.026	1809.66
945.169	1746.09
946.313	1753.02
947.455	1752.45
948.598	1770.88
949.74	1729.31
950.883	1800.74
952.026	1781.17
953.167	1768.6
954.309	1769.03
955.451	1773.46
956.592	1740.89
957.734	1776.82
958.874	1745.25
960.016	1726.68
961.156	1739.61
962.297	1806.54
963.437	1800.97
964.577	1721.4
965.717	1784.32
966.857	1743.25
967.997	1767.18
969.136	1753.11
970.275	1769.04
971.414	1776.97
972.553	1775.9
973.691	1779.33
974.83	1799.76
975.968	1796.44
977.106	1783.12
978.243	1789.05
979.382	1767.48
980.519	1818.91
981.656	1776.34
982.794	1788.27
983.931	1766.2
985.067	1788.13
986.204	1771.06
987.34	1770.99
988.477	1768.92
989.613	1757.85
990.748	1761.78
991.884	1743.21
993.019	1710.64
994.155	1766.07
995.29	1770
996.425	1761.93
997.559	1771.86
998.694	1698.29
999.828	1740.72
1000.96	1746.65
1002.1	1736.08
1003.23	1728.01
1004.36	1732.44
1005.5	1695.87
1006.63	1746.8
1007.76	1755.73
1008.9	1757.66
1010.03	1781.59
1011.16	1761.52
1012.29	1737.45
1013.43	1705.37
1014.56	1694.3
1015.69	1691.73
1016.82	1725.16
1017.95	1686.09
1019.08	1692.52
1020.21	1727.95
1021.35	1704.88
1022.48	1712.31
1023.61	1754.74
1024.74	1714.17
1025.87	1736.6
1027	1720.03
1028.13	1726.46
1029.26	1723.39
1030.39	1702.82
1031.51	1679.25
1032.64	1710.18
1033.77	1718.61
1034.9	1708.04
1036.03	1698.97
1037.16	1713.9
1038.29	1678.83
1039.41	1709.76
1040.54	1753.69
1041.67	1741.12
1042.8	1692.55
1043.92	1707.48
1045.05	1733.91
1046.18	1733.34
1047.3	1728.77
1048.43	1743.2
1049.56	1708.13
1050.68	1723.56
1051.81	1728.49
1052.93	1693.42
1054.06	1714.35
1055.18	1707.78
1056.31	1704.71
1057.43	1732.14
1058.56	1731.07
1059.68	1714.99
1060.81	1754.42
1061.93	1721.35
1063.06	1663.28
1064.18	1742.21
1065.3	1718.14
1066.43	1689.07
1067.55	1743
1068.67	1767.43
1069.8	1718.86
1070.92	1748.29
1072.04	1730.22
1073.16	1709.65
1074.29	1723.58
1075.41	1712.51
1076.53	1710.44
1077.65	1737.87
1078.77	1694.3
1079.89	1736.23
1081.01	1757.16
1082.13	1734.09
1083.26	1710.02
1084.38	1696.45
1085.5	1712.38
1086.62	1738.31
1087.74	1681.74
1088.86	1753.17
1089.98	1701.6
1091.1	1738.03
1092.21	1707.46
1093.33	1744.39
1094.45	1700.82
1095.57	1735.25
1096.69	1723.18
1097.81	1713.11
1098.93	1720.54
1100.04	1720.97
1101.16	1710.9
1102.28	1725.83
1103.4	1700.26
1104.51	1740.19
1105.63	1709.61
1106.75	1726.04
1107.86	1679.47
1108.98	1748.9
1110.1	1749.33
1111.21	1732.26
1112.33	1761.69
1113.45	1733.12
1114.56	1740.05
1115.68	1738.48
1116.79	1732.91
1117.91	1717.34
1119.02	1730.77
1120.14	1734.7
1121.25	1773.13
1122.36	1787.06
1123.48	1752.99
1124.59	1754.42
1125.71	1754.85
1126.82	1738.28
1127.93	1755.21
1129.05	1731.14
1130.16	1805.57
1131.27	1771
1132.39	1779.43
1133.5	1745.36
1134.61	1778.29
1135.72	1767.72
1136.83	1789.15
1137.95	1766.58
1139.06	1783.51
1140.17	1797.94
1141.28	1817.37
1142.39	1800.3
1143.5	1784.23
1144.61	1817.16
1145.72	1797.09
1146.83	1792.02
1147.95	1784.45
1149.05	1782.88
1150.16	1776.81
1151.27	1806.73
1152.38	1772.66
1153.49	1792.59
1154.6	1794.52
1155.71	1785.45
1156.82	1770.38
1157.93	1792.31
1159.04	1819.24
1160.14	1806.17
1161.25	1810.6
1162.36	1774.03
1163.47	1799.96
1164.58	1765.89
1165.68	1775.32
1166.79	1807.75
1167.9	1803.68
1169	1762.61
1170.11	1802.54
1171.22	1774.47
1172.32	1770.4
1173.43	1783.83
1174.53	1764.26
1175.64	1761.19
1176.75	1769.62
1177.85	1763.55
1178.96	1698.98
1180.06	1752.91
1181.17	1712.34
1182.27	1739.27
1183.37	1729.7
1184.48	1698.63
1185.58	1755.56
1186.69	1719.49
1187.79	1721.42
1188.89	1723.85
1190	1715.78
1191.1	1718.21
1192.2	1634.14
1193.31	1716.07
1194.41	1668
1195.51	1677.93
1196.61	1707.85
1197.71	1643.78
1198.82	1653.71
1199.92	1645.64
1201.02	1630.57
1202.12	1600.5
1203.22	1631.43
1204.32	1647.86
1205.42	1641.79
1206.53	1631.22
1207.63	1580.15
1208.73	1630.58
1209.83	1624.01
1210.93	1601.44
1212.03	1600.37
1213.13	1619.3
1214.22	1584.23
1215.32	1624.16
1216.42	1597.09
1217.52	1584.52
1218.62	1613.45
1219.72	1603.38
1220.82	1588.31
1221.92	1615.24
1223.01	1593.17
1224.11	1617.1
1225.21	1592.03
1226.31	1559.96
1227.4	1627.39
1228.5	1579.32
1229.6	1589.25
1230.69	1581.68
1231.79	1567.11
1232.89	1561.54
1233.98	1615.97
1235.08	1558.9
1236.18	1597.83
1237.27	1596.26
1238.37	1569.69
1239.46	1571.12
1240.56	1552.55
1241.65	1528.97
1242.75	1513.4
1243.84	1571.83
1244.94	1525.76
1246.03	1559.69
1247.12	1525.62
1248.22	1552.05
1249.31	1533.48
1250.41	1503.91
1251.5	1524.34
1252.59	1524.27
1253.68	1513.2
1254.78	1534.13
1255.87	1514.06
1256.96	1507.49
1258.06	1466.92
1259.15	1519.85
1260.24	1489.78
1261.33	1484.71
1262.42	1481.64
1263.51	1439.57
1264.6	1510.5
1265.7	1477.93
1266.79	1528.86
1267.88	1512.29
1268.97	1483.22
1270.06	1506.65
1271.15	1489.58
1272.24	1471.01
1273.33	1475.44
1274.42	1474.87
1275.51	1477.3
1276.6	1442.73
1277.69	1471.66
1278.78	1449.59
1279.86	1461.52
1280.95	1443.45
1282.04	1424.88
1283.13	1443.81
1284.22	1429.21
1285.3	1470.21
1286.39	1420.48
1287.48	1475.67
1288.57	1418.18
1289.66	1404.48
1290.74	1394.72
1291.83	1444.32
1292.92	1452.5
1294	1383.22
1295.09	1388.79
1296.17	1414.73
1297.26	1385.09
1298.35	1379.76
1299.43	1411.2
1300.52	1386.06
1301.6	1357.95
1302.69	1376.58
1303.77	1355.19
1304.86	1378.59
1305.94	1374.81
1307.03	1378.58
1308.11	1374.26
1309.19	1358.93
1310.28	1345.78
1311.36	1335.57
1312.45	1357.14
1313.53	1379.1
1314.61	1358.04
1315.7	1380.6
1316.78	1349.2
1317.86	1354.76
1318.94	1350.71
1320.03	1342.28
1321.11	1335.05
1322.19	1347.7
1323.27	1390.4
1324.35	1328.25
1325.43	1352.49
1326.52	1331.45
1327.6	1337.11
1328.68	1328.12
1329.76	1342.11
1330.84	1347.34
1331.92	1344.24
1333	1341.92
1334.08	1326.18
1335.16	1337.75
1336.24	1338.01
1337.32	1334.64
1338.4	1336.66
1339.48	1325.53
1340.56	1333.35
1341.64	1339.85
1342.71	1337.7
1343.79	1325.03
1344.87	1331.16
1345.95	1348.84
1347.03	1341.3
1348.1	1335.67
1349.18	1337.35
1350.26	1313.09
1351.34	1324.86
1352.41	1328.43
1353.49	1345.35
1354.57	1341
1355.64	1329.12
1356.72	1335.72
1357.8	1331.35
1358.87	1332.03
1359.95	1341.61
1361.02	1337.47
1362.1	1353.06
1363.17	1327.14
1364.25	1346.24
1365.32	1337.21
1366.4	1323.37
1367.47	1310.51
1368.55	1309.52
1369.62	1298.41
1370.7	1280.5
1371.77	1316.4
1372.85	1310.13
1373.92	1327.13
1374.99	1337.93
1376.07	1305.74
1377.14	1319.86
1378.21	1290.8
1379.28	1308.64
1380.36	1286.95
1381.43	1303.51
1382.5	1312.17
1383.57	1286.27
1384.65	1309.14
1385.72	1291.41
1386.79	1263.08
1387.86	1286.76
1388.93	1297.24
1390	1273.18
1391.07	1288.22
1391.98	1287.9
1393.05	1286.42
1394.13	1294.94
1395.2	1337.96
1396.28	1301.98
1397.35	1263.5
1398.43	1281.01
1399.51	1255.03
1400.58	1269.55
1401.65	1284.07
1402.73	1264.09
1403.8	1262.11
1404.88	1272.13
1405.95	1306.65
1407.02	1297.67
1408.1	1268.19
1409.17	1247.71
1410.25	1288.73
1411.32	1231.75
1412.39	1252.27
1413.46	1253.78
1414.54	1257.8
1415.61	1303.82
1416.68	1260.84
1417.75	1261.86
1418.83	1251.38
1419.9	1258.4
1420.97	1258.42
1422.04	1253.44
1423.11	1224.46
1424.18	1230.48
1425.25	1261.5
1426.32	1239.52
1427.39	1237.54
1428.47	1264.06
1429.53	1228.57
1430.6	1251.09
1431.67	1245.11
1432.74	1221.63
1433.81	1237.65
1434.88	1254.17
1435.95	1250.19
1437.02	1264.21
1438.09	1246.23
1439.16	1228.75
1440.23	1255.77
1441.3	1226.29
1442.36	1231.81
1443.43	1222.33
1444.5	1235.85
1445.57	1231.36
1446.64	1267.38
1447.7	1262.9
1448.77	1252.92
1449.84	1215.94
1450.9	1248.96
1451.97	1233.48
1453.04	1249.5
1454.1	1240.52
1455.17	1249.04
1456.23	1232.06
1457.3	1248.08
1458.37	1225.6
1459.43	1251.62
1460.5	1187.13
1461.56	1247.65
1462.63	1269.17
1463.69	1217.19
1464.76	1246.71
1465.82	1228.23
1466.89	1232.75
1467.95	1222.27
1469.01	1221.79
1470.08	1220.31
1471.14	1213.33
1472.2	1194.35
1473.27	1231.87
1474.33	1203.39
1475.39	1212.41
1476.46	1247.92
1477.52	1229.94
1478.58	1213.46
1479.64	1222.48
1480.71	1207.5
1481.77	1193.52
1482.83	1207.04
1483.89	1208.06
1484.95	1201.08
1486.01	1187.6
1487.07	1203.62
1488.14	1230.64
1489.2	1199.66
1490.26	1216.18
1491.32	1201.7
1492.38	1232.71
1493.44	1202.73
1494.5	1223.75
1495.56	1178.77
1496.62	1201.79
1497.68	1192.81
1498.74	1219.83
1499.79	1206.85
1500.85	1200.87
1501.91	1187.89
1502.97	1195.91
1504.03	1208.43
1505.09	1195.95
1506.15	1202.97
1507.2	1209.98
1508.26	1199.5
1509.32	1215.02
1510.38	1186.54
1511.43	1189.56
1512.49	1199.58
1513.55	1170.1
1514.6	1199.12
1515.66	1190.64
1516.72	1191.66
1517.77	1182.18
1518.83	1165.2
1519.89	1205.22
1520.94	1205.24
1522	1216.26
1523.05	1196.27
1524.11	1205.29
1525.16	1186.81
1526.22	1190.83
1527.27	1178.35
1528.33	1184.37
1529.38	1195.89
1530.44	1195.41
1531.49	1201.93
1532.54	1200.95
1533.6	1197.47
1534.65	1180.49
1535.7	1190.51
1536.76	1188.03
1537.81	1195.55
1538.86	1188.56
1539.92	1187.08
1540.97	1189.6
1542.02	1152.62
1543.07	1203.64
1544.13	1215.16
1545.18	1197.18
1546.23	1229.2
1547.28	1205.72
1548.33	1191.74
1549.38	1198.76
1550.44	1220.78
1551.49	1183.8
1552.54	1181.82
1553.59	1135.83
1554.64	1174.35
1555.69	1180.37
1556.74	1196.89
1557.79	1194.41
1558.84	1174.93
1559.89	1190.95
1560.94	1170.47
1561.99	1194.49
1563.04	1160.01
1564.08	1161.53
1565.13	1177.55
1566.18	1175.07
1567.23	1161.09
1568.28	1186.61
1569.33	1193.62
1570.37	1210.14
1571.42	1170.16
1572.47	1142.68
1573.52	1175.2
1574.57	1166.22
1575.61	1178.24
1576.66	1159.76
1577.71	1199.28
1578.75	1176.3
1579.8	1196.32
1580.85	1183.84
1581.89	1191.86
1582.94	1147.38
1583.98	1179.89
1585.03	1163.41
1586.08	1212.93
1587.12	1201.95
1588.17	1169.47
1589.21	1134.49
1590.26	1172.51
1591.3	1134.03
1592.35	1160.05
1593.39	1182.07
1594.43	1176.59
1595.48	1164.11
1596.52	1125.63
1597.57	1156.65
1598.61	1153.67
1599.65	1170.18
1600.69	1182.2
1601.74	1168.72
1602.78	1116.74
1603.82	1147.76
1604.87	1152.78
1605.91	1161.8
1606.95	1131.82
1607.99	1165.84
1609.03	1172.86
1610.08	1142.88
1611.12	1140.9
1612.16	1164.92
1613.2	1158.94
1614.24	1154.96
1615.28	1172.97
1616.32	1134.99
1617.36	1143.01
1618.4	1120.53
1619.44	1141.05
1620.49	1191.07
1621.52	1124.59
1622.56	1147.11
1623.6	1168.13
1624.64	1173.15
1625.68	1197.17
1626.72	1164.19
1627.76	1150.21
1628.8	1136.23
1629.84	1139.25
1630.88	1158.26
1631.92	1133.78
1632.95	1140.3
1633.99	1161.32
1635.03	1161.34
1636.07	1162.86
1637.1	1157.38
1638.14	1155.4
1639.18	1112.42
1640.22	1137.94
1641.25	1154.46
1642.29	1188.98
1643.33	1134.5
1644.36	1154.52
1645.4	1168.53
1646.44	1165.05
1647.47	1126.57
1648.51	1162.09
1649.54	1174.11
1650.58	1125.63
1651.61	1163.15
1652.65	1128.17
1653.68	1140.69
1654.72	1161.71
1655.75	1145.73
1656.79	1179.25
1657.82	1144.27
1658.85	1132.79
1659.89	1140.31
1660.92	1148.82
1661.96	1105.84
1662.99	1111.86
1664.02	1139.88
1665.06	1146.9
1666.09	1149.92
1667.12	1146.44
1668.15	1127.46
1669.19	1167.98
1670.22	1160
1671.25	1144.02
1672.28	1149.04
1673.32	1102.06
1674.35	1153.08
1675.38	1106.1
1676.41	1144.61
1677.44	1143.13
1678.47	1129.65
1679.5	1136.67
1680.53	1135.69
1681.56	1113.21
1682.59	1130.23
1683.62	1126.75
1684.65	1143.27
1685.68	1146.29
1686.71	1147.31
1687.74	1156.83
1688.77	1116.85
1689.8	1150.87
1690.83	1132.88
1691.86	1138.9
1692.89	1132.42
1693.92	1137.44
1694.95	1125.46
1695.97	1120.48
1697	1138.5
1698.03	1139.52
1699.06	1124.54
1700.09	1113.56
1701.11	1131.08
1702.14	1151.6
1703.17	1122.12
1704.2	1102.64
1705.22	1131.66
1706.25	1147.67
1707.28	1132.19
1708.3	1142.71
1709.33	1101.73
1710.35	1131.25
1711.38	1133.77
1712.41	1133.29
1713.43	1083.81
1714.46	1130.83
1715.48	1114.85
1716.51	1161.37
1717.53	1131.39
1718.56	1121.91
1719.58	1133.43
1720.61	1125.44
1721.63	1129.96
1722.65	1111.98
1723.68	1107.5
1724.7	1111.52
1725.73	1090.04
1726.75	1112.06
1727.77	1119.08
1728.8	1100.1
1729.82	1104.62
1730.84	1127.14
1731.86	1096.16
1732.89	1122.18
1733.91	1127.2
1734.93	1139.72
1735.95	1104.23
1736.98	1105.75
1738	1107.27
1739.02	1133.29
1740.04	1123.31
1741.06	1110.83
1742.08	1110.35
1743.1	1130.37
1744.13	1121.39
1745.15	1127.41
1746.17	1120.43
1747.19	1114.45
1748.21	1128.47
1749.23	1127.49
1750.25	1104.51
1751.27	1139.52
1752.29	1066.54
1753.3	1125.06
1754.32	1114.58
1755.34	1120.6
1756.36	1087.62
1757.38	1135.64
1758.4	1103.16
1759.42	1107.68
1760.44	1078.7
1761.45	1108.22
1762.47	1121.74
1763.49	1115.26
1764.51	1104.78
1765.53	1110.79
1766.54	1089.81
1767.56	1085.83
1768.58	1109.85
1769.59	1100.87
1770.61	1123.39
1771.63	1104.91
1772.64	1092.93
1773.66	1115.45
1774.67	1118.47
1775.69	1085.49
1776.71	1102.01
1777.72	1118.53
1778.74	1112.05
1779.75	1104.07
1780.77	1094.58
1781.78	1097.1
1782.8	1112.12
1783.81	1089.14
1784.83	1082.16
1785.84	1107.18
1786.86	1110.2
1787.87	1070.22
1788.88	1112.24
1789.9	1086.26
1790.91	1102.28
1791.92	1111.8
1792.94	1075.82
1793.95	1120.84
1794.96	1085.36
1795.98	1074.37
1796.99	1107.39
1798	1109.41
1799.01	1094.43
1800.02	1079.45
1801.04	1095.47
1802.05	1077.49
1803.06	1071.51
1804.07	1061.53
1805.08	1107.55
1806.09	1114.07
1807.11	1082.09
1808.12	1094.61
1809.13	1100.63
1810.14	1076.14
1811.15	1082.66
1812.16	1107.68
1813.17	1124.7
1814.18	1090.22
1815.19	1100.24
1816.2	1082.26
1817.21	1111.78
1818.22	1081.8
1819.23	1107.82
1820.23	1093.34
1821.24	1089.86
1822.25	1080.88
1823.26	1132.4
1824.27	1099.92
1825.28	1069.93
1826.28	1125.95
1827.29	1094.97
1828.3	1091.99
1829.31	1114.01
1830.32	1106.03
1831.32	1113.05
1832.33	1100.07
1833.34	1091.09
1834.34	1122.11
1835.35	1110.63
1836.36	1117.15
1837.36	1123.67
1838.37	1121.19
1839.38	1069.21
1840.38	1118.22
1841.39	1121.74
1842.39	1115.26
1843.4	1086.28
1844.4	1110.8
1845.41	1110.32
1846.41	1099.34
1847.42	1119.86
1848.42	1111.38
1849.43	1086.4
1850.43	1116.42
1851.44	1082.44
1852.44	1084.46
1853.44	1120.98
1854.45	1114.49
1855.45	1089.51
1856.45	1073.53
1857.46	1118.55
1858.46	1117.57
1859.46	1115.09
1860.47	1085.61
1861.47	1120.63
1862.47	1092.65
1863.47	1118.67
1864.47	1128.69
1865.48	1100.71
1866.48	1108.73
1867.48	1077.75
1868.48	1109.77
1869.48	1088.78
1870.48	1090.3
1871.49	1076.32
1872.49	1094.34
1873.49	1114.36
1874.49	1064.88
1875.49	1060.9
1876.49	1111.42
1877.49	1088.94
1878.49	1064.96
1879.49	1091.98
1880.49	1065
1881.49	1068.52
1882.49	1066.54
1883.49	1056.06
1884.49	1072.57
1885.48	1086.59
1886.48	1081.61
1887.48	1086.63
1888.48	1066.65
1889.48	1099.17
1890.48	1097.19
1891.47	1069.21
1892.47	1086.73
1893.47	1059.25
1894.47	1028.27
1895.46	1074.29
1896.46	1084.31
1897.46	1071.33
1898.46	1039.34
1899.45	1098.86
1900.45	1056.38
1901.44	1074.4
1902.44	1036.92
1903.44	1054.44
1904.43	1045.96
1905.43	1040.48
1906.42	1057.5
1907.42	1052.02
1908.42	1052.54
1909.41	1068.56
1910.41	1063.08
1911.4	1033.6
1912.4	1058.62
1913.39	1051.63
1914.39	1030.65
1915.38	1019.67
1916.37	1059.19
1917.37	1063.71
1918.36	1031.73
1919.35	1065.75
1920.35	1025.77
1921.34	1066.79
1922.33	1059.81
1923.33	1059.83
1924.32	1069.35
1925.31	1056.87
1926.31	1043.89
1927.3	1043.41
1928.29	1049.92
1929.28	1076.94
1930.27	1038.46
1931.27	1046.98
1932.26	1062
1933.25	1038.02
1934.24	1063.04
1935.23	1084.56
1936.22	1059.08
1937.21	1091.1
1938.21	1058.62
1939.2	1051.14
1940.19	1051.16
1941.18	1063.18
1942.17	1058.19
1943.16	1052.71
1944.15	1050.23
1945.14	1071.25
1946.13	1071.27
1947.11	1067.79
1948.1	1064.31
1949.09	1071.33
1950.08	1035.85
1951.07	1048.87
1952.06	1048.39
1953.05	1103.91
1954.04	1062.43
1955.02	1066.95
1956.01	1081.97
1957	1098.73
1957.99	1102.5
1958.98	1073.52
1959.96	1092.54
1960.95	1055.56
1961.94	1084.58
1962.92	1070.6
1963.91	1063.62
1964.9	1090.64
1965.88	1079.66
1966.87	1088.68
1967.86	1068.7
1968.84	1053.72
1969.83	1075.74
1970.81	1052.76
1971.8	1049.27
1972.79	1077.79
1973.77	1088.31
1974.76	1078.83
1975.74	1080.85
1976.72	1054.37
1977.71	1031.89
1978.69	1059.41
1979.68	1062.93
1980.66	1055.95
1981.65	1067.47
1982.63	1067.99
1983.62	1090.01
1984.6	1079.53
1985.58	1070.04
1986.56	1068.56
1987.55	1053.08
1988.53	1049.1
1989.51	1077.12
1990.5	1065.64
1991.48	1058.66
1992.46	1056.18
1993.44	1038.7
1994.43	1031.72
1995.41	1021.74
1996.39	1035.26
1997.37	1035.28
1998.35	1046.3
1999.33	1049.82
2000.32	999.335
2001.3	1049.85
2002.28	1052.37
2003.26	1032.89
2004.24	1056.41
2005.22	1026.43
2006.2	1018.45
2007.18	1040.47
2008.16	1029.49
2009.14	1064.51
2010.12	1054.03
2011.1	1013.55
2012.08	1041.07
2013.06	979.586
2014.04	1027.61
2015.02	1018.62
2015.99	1022.64
2016.97	1029.66
2017.95	1028.43
2018.93	1019.7
2019.91	1041.22
2020.89	1010.74
2021.86	1014.26
2022.84	1005.78
2023.82	1030.8
2024.8	1017.82
2025.77	967.837
2026.75	992.856
2027.73	1016.88
2028.7	1020.89
2029.68	1011.41
2030.66	993.933
2031.63	1030.95
2032.61	1013.97
2033.59	1024.99
2034.56	1017.01
2035.54	1000.03
2036.51	1023.55
2037.49	1045.07
2038.46	1031.59
2039.44	1025.11
2040.42	1048.13
2041.39	999.646
2042.37	1009.17
2043.34	1005.18
2044.31	1025.2
2045.29	1002.22
2046.26	982.243
2047.24	1038.26
2048.21	1019.78
2049.18	997.3
2050.16	1029.32
2051.13	1025.84
2052.1	1007.36
2053.08	1015.88
2054.05	1048.4
2055.02	1028.92
2056	1038.94
2056.97	1027.96
2057.94	1011.47
2058.91	1010.99
2059.89	1050.51
2060.86	1052.03
2061.83	1019.55
2062.8	1032.07
2063.77	1038.59
2064.74	1027.61
2065.72	1056.13
2066.69	1028.65
2067.66	1014.67
2068.63	995.687
2069.6	1039.21
2070.57	1050.73
2071.54	1012.74
2072.51	1056.26
2073.48	1017.78
2074.45	992.803
2075.42	1046.82
2076.39	1034.34
2077.36	1044.86
2078.33	1052.38
2079.3	1028.9
2080.26	1012.92
2081.23	1018.94
2082.2	1022.46
2083.17	1043.98
2084.14	1037.5
2085.11	1022.02
2086.08	1064.03
2087.04	1021.55
2088.01	1023.07
2088.98	1039.09
2089.95	1029.61
2090.91	1033.63
2091.88	1032.65
2092.85	1038.17
2093.81	1003.19
2094.78	1038.21
2095.75	1050.23
2096.71	1022.25
2097.68	1024.77
2098.65	1018.29
2099.61	1029.3
2100.58	1028.32
2101.54	1004.34
2102.51	995.363
2103.48	1012.38
2104.44	1029.4
2105.41	1020.42
2106.37	1021.94
2107.34	994.46
2108.3	1023.48
2109.26	1024.5
2110.23	1018.02
2111.19	1008.54
2112.16	987.056
2113.12	1018.08
2114.09	1014.59
2115.05	1027.11
2116.01	1023.63
2116.98	1019.65
2117.94	999.672
2118.9	966.691
2119.86	991.711
2120.83	1005.23
2121.79	986.249
2122.75	997.769
2123.72	977.788
2124.68	1007.81
2125.64	998.327
2126.6	983.346
2127.56	974.865
2128.53	997.385
2129.49	1008.4
2130.45	981.423
2131.41	983.442
2132.37	1003.46
2133.33	998.981
2134.29	986
2135.25	1013.52
2136.21	970.039
2137.17	982.058
2138.13	999.078
2139.09	997.097
2140.05	975.116
2141.01	996.636
2141.97	958.155
2142.93	1002.67
2143.89	975.694
2144.85	993.213
2145.81	977.232
2146.77	981.752
2147.73	1000.77
2148.68	1002.79
2149.64	981.31
2150.6	982.829
2151.56	970.848
2152.52	979.367
2153.48	1020.89
2154.43	999.406
2155.39	990.425
2156.35	967.945
2157.3	960.464
2158.26	951.483
2159.22	968.503
2160.17	977.022
2161.13	1002.04
2162.09	992.561
2163.04	974.58
2164	972.599
2164.96	1004.62
2165.91	997.638
2166.87	987.157
2167.82	997.177
2168.78	991.696
2169.73	963.715
2170.69	987.735
2171.65	977.254
2172.6	1001.27
2173.56	986.792
2174.51	966.812
2175.46	968.831
2176.42	1005.85
2177.37	958.37
2178.33	1005.39
2179.28	1013.91
2180.23	1001.93
2181.19	1016.95
2182.14	989.466
2183.09	971.486
2184.05	1014
2185	1000.52
2185.95	993.044
2186.91	1004.06
2187.86	983.582
2188.81	998.102
2189.76	1003.62
2190.72	968.14
2191.67	967.659
2192.62	979.179
2193.57	954.198
2194.52	964.217
2195.47	990.737
2196.43	963.756
2197.38	981.775
2198.33	962.295
2199.28	991.314
2200.23	966.333
2201.18	966.853
2202.13	955.872
2203.08	947.391
2204.03	958.411
2204.98	950.43
2205.93	946.949
2206.88	957.469
2207.83	966.988
2208.78	987.007
2209.73	964.527
2210.68	973.546
2211.63	954.565
2212.57	970.585
2213.52	986.104
2214.47	953.123
2215.42	955.642
2216.37	938.662
2217.32	947.681
2218.26	958.2
2219.21	963.22
2220.16	979.739
2221.11	959.758
2222.05	947.778
2223	974.617
2223.95	979.838
2224.9	944.435
2225.84	974.535
2226.79	911.81
2227.74	967.482
2228.68	959.321
2229.63	958.583
2230.58	953.06
2231.52	954.601
2232.47	971.935
2233.41	933.778
2234.36	958.038
2235.3	938.756
2236.25	938.955
2237.19	931.654
2238.14	932.016
2239.08	936.605
2240.03	926.314
2240.97	966.204
2241.92	944.385
2242.86	949.768
2243.81	926.476
2244.75	949.615
2245.69	951.451
2246.64	950.94
2247.58	939.713
2248.52	922.613
2249.47	946.3
2250.41	937.03
2251.35	940.844
2252.3	946.581
2253.24	949.617
2254.18	961.753
2255.12	926.919
2256.07	957.973
2257.01	971.208
2257.95	937.955
2258.89	945.824
2259.83	949.521
2260.77	922.833
2261.72	947.01
2262.66	944.275
2263.6	944.951
2264.54	959.22
2265.48	933.638
2266.42	942.606
2267.36	948.902
2268.3	947.553
2269.24	946.907
2270.18	963.815
2271.12	940.48
2272.06	936.589
2273	949.9
2273.94	957.82
2274.88	948.948
2275.82	933.76
2276.76	944.54
2277.7	953.863
2278.64	941.933
2279.57	959.696
2280.51	964.246
2281.45	965.165
2282.39	965.734
2283.33	950.727
2284.27	930.468
2285.2	950.96
2286.14	946.128
2287.08	946.239
2288.02	956.948
2288.95	956.06
2289.89	968.135
2290.83	981.621
2291.77	958.688
2292.7	935.863
2293.64	964.047
2294.57	978.867
2295.51	963.894
2296.45	965.536
2297.38	958.097
2298.32	976.867
2299.25	973.475
2300.19	965.6
2301.13	944.764
2302.06	970.005
2303	972.902
2303.93	958.99
2304.87	986.812
2305.8	966.36
2306.74	961.06
2307.67	973.637
2308.6	974.595
2309.54	952.646
2310.47	985.781
2311.41	975.878
2312.34	967.398
2313.27	967.806
2314.21	952.168
2315.14	978.807
2316.07	936.546
2317.01	956.796
2317.94	985.612
2318.88	955.281
2319.81	964.807
2320.75	972.332
2321.69	971.358
2322.63	962.384
2323.56	985.409
2324.5	960.935
2325.44	952.961
2326.37	975.986
2327.31	948.512
2328.25	988.038
2329.18	974.064
2330.12	979.589
2331.05	979.115
2331.99	923.141
2332.93	952.666
2333.86	943.692
2334.8	952.218
2335.73	983.743
2336.67	952.269
2337.6	1006.29
2338.54	966.32
2339.47	969.346
2340.41	959.872
2341.34	981.898
2342.27	964.423
2343.21	950.449
2344.14	961.475
2345.08	953.5
2346.01	950.526
2346.94	978.552
2347.88	967.577
2348.81	949.103
2349.74	966.629
2350.68	960.654
2351.61	961.68
2352.54	965.206
2353.47	938.731
2354.41	924.757
2355.34	953.283
2356.27	940.809
2357.2	948.834
2358.13	987.86
2359.07	931.886
2360	963.411
2360.93	952.937
2361.86	906.963
2362.79	965.488
2363.72	932.014
2364.65	961.04
2365.58	939.565
2366.51	945.591
2367.44	959.617
2368.38	927.143
2369.31	967.168
2370.24	971.194
2371.17	956.22
2372.1	946.245
2373.02	952.771
2373.95	955.797
2374.88	930.322
2375.81	936.348
2376.74	947.374
2377.67	959.899
2378.6	952.925
2379.53	918.451
2380.46	942.477
2381.39	936.502
2382.31	956.528
2383.24	949.054
2384.17	939.079
2385.1	954.605
2386.03	921.131
2386.95	947.656
2387.88	930.182
2388.81	934.208
2389.74	942.733
2390.66	928.759
2391.59	914.785
2392.52	920.811
2393.44	973.336
2394.37	945.362
2395.3	921.888
2396.22	941.913
2397.15	975.439
2398.07	974.465
2399	922.99
2399.92	945.516
2400.85	954.042
2401.78	963.567
2402.7	959.093
2403.63	966.619
2404.55	932.644
2405.48	942.67
2406.4	920.696
2407.33	924.221
2408.25	947.247
2409.17	942.773
2410.1	955.299
2411.02	938.824
2411.95	918.35
2412.87	959.376
2413.79	956.901
2414.72	967.427
2415.64	931.453
2416.56	974.978
2417.49	955.004
2418.41	965.53
2419.33	968.556
2420.26	940.081
2421.18	936.107
2422.1	955.633
2423.02	951.658
2423.94	952.684
2424.87	963.21
2425.79	930.735
2426.71	948.261
2427.63	939.787
2428.55	918.812
2429.47	932.338
2430.4	978.864
2431.32	949.389
2432.24	979.415
2433.16	970.441
2434.08	938.967
2435	947.492
2435.92	948.518
2436.84	956.044
2437.76	942.069
2438.68	923.095
2439.6	952.121
2440.52	970.146
2441.44	964.672
2442.36	935.698
2443.28	965.223
2444.2	959.249
2445.11	907.275
2446.03	955.801
2446.95	950.326
2447.87	928.352
2448.79	922.378
2449.71	944.403
2450.63	934.929
2451.54	955.955
2452.46	954.48
2453.38	961.506
2454.3	969.032
2455.21	935.557
2456.13	912.583
2457.05	957.109
2457.97	961.635
2458.88	899.66
2459.8	941.686
2460.72	939.712
2461.63	956.737
2462.55	926.763
2463.47	944.789
2464.38	946.814
2465.3	928.84
2466.21	914.866
2467.13	955.391
2468.04	926.917
2468.96	935.943
2469.88	944.968
2470.79	947.994
2471.71	916.02
2472.62	944.046
2473.53	942.571
2474.45	933.097
2475.36	917.123
2476.28	903.648
2477.19	906.174
2478.11	943.2
2479.02	924.725
2479.93	943.251
2480.85	943.777
2481.76	938.302
2482.68	962.328
2483.59	934.354
2484.5	931.38
2485.42	937.905
2486.33	959.431
2487.24	903.457
2488.15	917.982
2489.07	899.508
2489.98	932.534
2490.89	921.059
2491.8	933.585
2492.71	911.611
2493.63	918.636
2494.54	930.662
2495.45	930.188
2496.36	922.214
2497.27	925.739
2498.18	948.765
2499.09	887.291
2500	910.816
2500.92	941.842
2501.83	926.868
2502.74	911.393
2503.65	897.919
2504.56	930.945
2505.47	913.97
2506.38	925.996
2507.29	925.522
2508.2	929.047
2509.11	916.573
2510.02	894.099
2510.92	931.125
2511.83	917.65
2512.74	944.176
2513.65	939.702
2514.56	915.227
2515.47	911.253
2516.38	916.279
2517.29	924.804
2518.19	918.33
2519.1	934.356
2520.01	912.381
2520.92	889.407
2521.82	913.433
2522.73	896.458
2523.64	931.984
2524.55	926.51
2525.45	906.536
2526.36	915.561
2527.27	912.087
2528.18	936.613
2529.08	925.138
2529.99	911.164
2530.89	906.69
2531.8	910.715
2532.71	890.741
2533.61	912.267
2534.52	900.792
2535.42	920.818
2536.33	888.844
2537.23	915.87
2538.14	927.395
2539.04	916.421
2539.95	911.447
2540.85	891.972
2541.76	920.998
2542.66	896.024
2543.57	927.549
2544.47	908.075
2545.38	913.101
2546.28	932.626
2547.18	905.652
2548.09	880.178
2548.99	911.703
2549.9	912.229
2550.8	910.255
2551.7	894.281
2552.61	885.306
2553.51	889.332
2554.41	918.358
2555.31	881.383
2556.22	899.909
2557.12	912.935
2558.02	896.96
2558.92	889.486
2559.83	921.012
2560.73	920.537
2561.63	928.063
2562.53	876.589
2563.43	907.115
2564.33	902.64
2565.23	903.666
2566.14	925.692
2567.04	895.717
2567.94	906.243
2568.84	903.769
2569.74	913.794
2570.64	893.82
2571.54	901.346
2572.44	906.872
2573.34	923.897
2574.24	885.423
2575.14	903.949
2576.04	916.974
2576.94	898
2577.84	912.026
2578.74	904.551
2579.64	903.077
2580.54	910.103
2581.44	925.128
2582.33	932.154
2583.23	895.18
2584.13	915.205
2585.03	923.231
2585.93	908.757
2586.83	922.282
2587.72	919.308
2588.62	907.334
2589.52	925.36
2590.42	915.385
2591.31	894.411
2592.21	915.937
2593.11	910.462
2594.01	899.488
2594.9	913.514
2595.8	908.539
2596.7	897.565
2597.59	865.591
2598.49	915.116
2599.38	908.642
2600.28	928.168
2601.18	913.694
2602.07	902.719
2602.97	898.245
2603.86	929.771
2604.76	904.796
2605.65	908.322
2606.55	886.848
2607.45	924.373
2608.34	890.899
2609.23	911.425
2610.13	898.95
2611.02	914.476
2611.92	884.002
2612.81	917.028
2613.71	882.053
2614.6	886.579
2615.5	896.105
2616.39	884.13
2617.28	893.156
2618.18	902.682
2619.07	907.207
2619.96	911.733
2620.86	860.259
2621.75	885.784
2622.64	912.81
2623.53	884.336
2624.43	900.862
2625.32	903.887
2626.21	878.413
2627.1	901.439
2628	882.464
2628.89	919.99
2629.78	900.516
2630.67	897.541
2631.56	892.067
2632.45	882.093
2633.35	884.618
2634.24	891.644
2635.13	886.17
2636.02	893.195
2636.91	897.221
2637.8	872.747
2638.69	895.773
2639.58	883.798
2640.47	895.824
2641.36	880.35
2642.25	864.875
2643.14	905.901
2644.03	873.927
2644.92	879.452
2645.81	896.478
2646.7	864.504
2647.59	867.529
2648.48	887.055
2649.37	859.081
2650.25	877.107
2651.14	879.632
2652.03	856.158
2652.92	844.184
2653.81	878.209
2654.7	855.735
2655.58	880.761
2656.47	885.286
2657.36	871.312
2658.25	875.338
2659.13	872.363
2660.02	854.889
2660.91	863.415
2661.8	865.44
2662.68	872.466
2663.57	866.992
2664.46	856.518
2665.34	834.543
2666.23	877.069
2667.12	853.595
2668	856.62
2668.89	852.146
2669.78	856.672
2670.66	871.197
2671.55	858.723
2672.43	874.249
2673.32	870.774
2674.2	881.8
2675.09	890.826
2675.97	868.852
2676.86	857.877
2677.74	888.903
2678.63	862.929
2679.51	877.454
2680.4	881.48
2681.28	857.006
2682.16	880.531
2683.05	863.057
2683.93	849.083
2684.82	874.108
2685.7	874.134
2686.58	885.16
2687.47	874.186
2688.35	899.211
2689.23	842.237
2690.12	859.763
2691	866.788
2691.88	853.314
2692.76	894.34
2693.65	881.365
2694.53	887.891
2695.41	858.417
2696.29	853.942
2697.18	857.468
2698.06	893.994
2698.94	858.52
2699.82	871.545
2700.7	889.571
2701.58	871.097
2702.46	865.622
2703.35	885.648
2704.23	872.174
2705.11	871.199
2705.99	857.725
2706.87	865.751
2707.75	875.276
2708.63	851.802
2709.51	893.828
2710.39	875.854
2711.27	861.879
2712.15	873.905
2713.03	906.431
2713.91	887.456
2714.79	858.482
2715.67	874.008
2716.55	836.033
2717.42	857.559
2718.3	880.085
2719.18	877.61
2720.06	862.136
2720.94	888.662
2721.82	850.187
2722.7	875.213
2723.57	882.239
2724.45	864.265
2725.33	896.79
2726.21	898.816
2727.08	880.842
2727.96	868.867
2728.84	851.393
2729.72	891.919
2730.59	862.444
2731.47	867.47
2732.35	857.496
2733.22	871.521
2734.1	861.047
2734.98	838.573
2735.85	862.599
2736.73	852.124
2737.61	845.15
2738.48	889.676
2739.36	866.701
2740.23	876.727
2741.11	837.753
2741.98	843.278
2742.86	839.804
2743.73	840.83
2744.61	864.855
2745.49	842.881
2746.36	884.907
2747.23	846.932
2748.11	835.458
2748.98	853.984
2749.86	844.51
2750.73	833.035
2751.61	835.061
2752.48	852.087
2753.35	841.112
2754.23	841.138
2755.1	864.664
2755.97	853.189
2756.85	855.215
2757.72	831.241
2758.59	864.766
2759.47	850.292
2760.34	853.318
2761.21	841.344
2762.08	840.369
2762.96	843.395
2763.83	797.421
2764.7	836.946
2765.57	855.472
2766.44	849.498
2767.32	856.523
2768.19	839.549
2769.06	837.575
2769.93	859.1
2770.8	827.126
2771.67	808.152
2772.54	848.678
2773.41	843.703
2774.29	801.729
2775.16	820.755
2776.03	807.78
2776.9	855.806
2777.77	828.332
2778.64	839.857
2779.51	836.883
2780.38	836.909
2781.25	856.434
2782.12	832.96
2782.99	804.986
2783.86	833.511
2784.72	826.537
2785.59	808.063
2786.46	842.089
2787.33	844.114
2788.2	854.14
2789.07	838.166
2789.94	799.191
2790.81	806.217
2791.67	859.243
2792.54	834.268
2793.41	845.294
2794.28	846.82
2795.14	808.345
2796.01	837.371
2796.88	839.397
2797.75	838.422
2798.61	845.948
2799.48	818.474
2800.35	805.5
2801.21	852.025
2802.08	846.551
2802.95	833.077
2803.82	830.602
2804.68	822.628
2805.55	814.154
2806.41	811.679
2807.28	821.705
2808.15	806.731
2809.01	845.756
2809.88	832.782
2810.74	832.308
2811.61	809.833
2812.47	819.859
2813.34	825.385
2814.2	828.911
2815.07	832.936
2815.93	857.962
2816.8	819.988
2817.66	825.013
2818.52	835.539
2819.39	868.065
2820.25	835.591
2821.12	834.116
2821.98	830.642
2822.84	870.168
2823.71	836.693
2824.57	819.719
2825.43	838.245
2826.3	825.27
2827.16	836.296
2828.02	847.822
2828.89	840.347
2829.75	795.373
2830.61	836.899
2831.47	826.424
2832.34	859.45
2833.2	800.476
2834.06	831.502
2834.92	832.527
2835.78	777.553
2836.65	822.079
2837.51	825.604
2838.37	838.13
2839.23	843.156
2840.09	834.681
2840.95	812.207
2841.81	847.233
2842.68	812.758
2843.54	848.784
2844.4	813.81
2845.26	823.836
2846.12	834.861
2846.98	765.887
2847.84	846.413
2848.7	846.938
2849.56	839.464
2850.42	810.99
2851.28	840.515
2852.14	833.041
2852.99	810.567
2853.85	820.592
2854.71	825.118
2855.57	822.144
2856.43	799.169
2857.29	809.195
2858.15	823.721
2859.01	841.247
2859.86	793.272
2860.72	799.298
2861.58	797.324
2862.44	813.349
2863.3	843.375
2864.15	836.151
2865.01	818.426
2865.87	790.452
2866.73	831.978
2867.58	819.503
2868.44	830.029
2869.3	778.555
2870.16	804.08
2871.01	823.606
2871.87	800.132
2872.73	808.658
2873.58	796.683
2874.44	779.209
2875.29	802.735
2876.15	790.76
2877.01	809.286
2877.86	773.312
2878.72	797.837
2879.57	790.363
2880.43	761.889
2881.28	802.914
2882.14	822.94
2882.99	832.966
2883.85	762.992
2884.7	799.517
2885.56	815.043
2886.41	803.069
2887.27	803.094
2888.12	787.12
2888.97	800.146
2889.83	779.171
2890.68	783.197
2891.54	799.223
2892.39	779.248
2893.24	772.774
2894.1	786.8
2894.95	801.826
2895.8	773.351
2896.66	750.377
2897.51	787.403
2898.36	787.428
2899.21	794.454
2900.07	799.48
2900.92	796.005
2901.77	772.531
2902.62	785.557
2903.48	803.582
2904.33	776.608
2905.18	795.134
2906.03	796.159
2906.88	792.685
2907.73	796.711
2908.59	796.237
2909.44	783.762
2910.29	769.288
2911.14	790.814
2911.99	786.339
2912.84	779.365
2913.69	776.891
2914.54	805.916
2915.39	779.942
2916.24	774.968
2917.09	797.493
2917.94	786.519
2918.79	768.045
2919.64	798.57
2920.49	809.096
2921.34	770.122
2922.19	770.148
2923.04	775.673
2923.89	799.699
2924.74	784.225
2925.59	780.25
2926.43	786.276
2927.28	770.802
2928.13	770.827
2928.98	772.353
2929.83	792.379
2930.68	783.405
2931.52	798.43
2932.37	767.456
2933.22	755.482
2934.07	781.507
2934.92	796.033
2935.76	746.559
2936.61	797.584
2937.46	793.61
2938.3	773.136
2939.15	790.661
2940	808.687
2940.84	766.713
2941.69	784.238
2942.54	808.264
2943.38	791.79
2944.23	787.316
2945.08	776.841
2945.92	793.867
2946.77	793.893
2947.61	780.918
2948.46	791.944
2949.3	793.97
2950.15	789.495
2950.99	793.021
2951.84	810.047
2952.68	792.073
2953.53	780.598
2954.37	807.624
2955.22	779.15
2956.06	781.175
2956.91	788.701
2957.75	769.227
2958.6	782.252
2959.44	794.778
2960.28	772.304
2961.13	777.829
2961.97	764.355
2962.81	776.381
2963.66	775.406
2964.5	788.932
2965.34	758.458
2966.19	786.984
2967.03	790.509
2967.87	783.535
2968.72	770.561
2969.56	752.586
2970.4	763.612
2971.24	789.638
2972.08	773.663
2972.93	763.689
2973.77	773.715
2974.61	772.74
2975.45	796.766
2976.29	757.792
2977.14	797.317
2977.98	781.343
2978.82	759.369
2979.66	756.895
2980.5	785.92
2981.34	745.946
2982.18	766.472
2983.02	753.997
2983.86	769.023
2984.7	780.549
2985.54	767.574
2986.38	785.1
2987.22	750.126
2988.06	763.651
2988.9	744.677
2989.74	756.203
2990.58	746.229
2991.42	757.254
2992.26	727.78
2993.1	742.806
2993.94	728.331
2994.78	746.357
2995.62	754.383
2996.46	753.408
2997.29	757.434
2998.13	756.46
2998.97	756.485
2999.81	769.511
3000.65	751.037
3001.48	760.563
3002.32	754.588
3003.16	751.614
3004	761.14
3004.84	753.165
3005.67	763.691
3006.51	753.217
3007.35	757.742
3008.18	757.768
3009.02	767.294
3009.86	727.819
3010.69	746.845
3011.53	752.871
3012.37	746.897
3013.2	730.922
3014.04	754.448
3014.88	738.974
3015.71	753.999
3016.55	728.025
3017.38	744.551
3018.22	729.076
3019.05	738.102
3019.89	749.628
3020.72	748.153
3021.56	741.179
3022.39	769.705
3023.23	706.23
3024.06	727.256
3024.9	751.282
3025.73	746.808
3026.57	740.333
3027.4	734.359
3028.24	727.885
3029.07	728.41
3029.9	745.936
3030.74	714.462
3031.57	740.987
3032.4	736.013
3033.24	715.039
3034.07	733.564
3034.9	753.59
3035.74	729.616
3036.57	728.142
3037.4	764.667
3038.23	754.693
3039.07	741.219
3039.9	720.744
3040.73	726.27
3041.57	730.296
3042.4	752.821
3043.23	743.347
3044.06	708.535
3044.89	734.552
3045.72	735.643
3046.56	743.972
3047.39	750.701
3048.22	740.053
3049.05	730.351
3049.88	747.308
3050.71	717.896
3051.54	725.489
3052.37	708.795
3053.2	721.34
3054.03	730.867
3054.86	686.758
3055.69	729.285
3056.52	710.524
3057.35	740.005
3058.18	728.87
3059.01	719.607
3059.84	730.552
3060.67	725.044
3061.5	734.353
3062.33	730.517
3063.16	739.244
3063.99	723.835
3064.82	708.453
3065.65	728.339
3066.48	745.221
3067.3	725.85
3068.13	735.365
3068.96	725.922
3069.79	717.37
3070.62	728.574
3071.44	723.153
3072.27	729.614
3073.1	733.419
3073.93	712.337
3074.76	728.295
3075.58	718.497
3076.41	722.255
3077.24	717.013
3078.06	729.707
3078.89	725.71
3079.72	726.211
3080.54	726.472
3081.37	722.42
3082.2	736.464
3083.02	724.517
3083.85	728.019
3084.68	733.972
3085.5	728.137
3086.33	721.121
3087.15	716.822
3087.98	731.737
3088.8	734.218
3089.63	729.807
3090.46	718.6
3091.28	734.012
3092.1	721.885
3092.93	727.921
3093.75	729.385
3094.58	726
3095.4	715.232
3096.23	726.37
3097.05	718.426
3097.88	707.33
3098.7	699.663
3099.52	698.608
3100.35	701.006
3101.17	702.925
3102	707.625
3102.82	700.485
3103.64	711.464
3104.47	709.785
3105.29	708.322
3106.11	705.241
3106.94	711.876
3107.76	708.216
3108.58	701.501
3109.4	713.618
3110.23	704.581
3111.05	715.616
3111.87	708.068
3112.69	680.384
3113.51	694.272
3114.34	691.308
3115.16	707.234
3115.98	694.729
3116.8	700.907
3117.62	715.838
3118.44	682.781
3119.26	701.278
3120.08	698.026
3120.91	689.088
3121.73	692.273
3122.55	707.192
3123.37	693.644
3124.19	681.92
3125.01	683.476
3125.83	694.494
3126.65	688.292
3127.47	695.12
3128.13	701.079
3128.96	670.58
3129.78	656.58
3130.61	709.081
3131.43	682.082
3132.25	670.583
3133.08	671.583
3133.9	706.084
3134.72	671.585
3135.55	695.085
3136.37	707.086
3137.19	683.587
3138.02	695.088
3138.84	678.588
3139.66	697.589
3140.49	698.09
3141.31	674.091
3142.13	658.591
3142.95	686.592
3143.77	693.593
3144.6	662.594
3145.42	669.594
3146.24	692.095
3147.06	684.096
3147.89	682.596
3148.71	678.597
3149.53	683.098
3150.35	670.599
3151.17	707.099
3151.99	678.6
3152.81	684.101
3153.63	679.602
3154.45	688.102
3155.27	663.103
3156.09	674.104
3156.92	690.104
3157.74	678.605
3158.56	669.606
3159.38	661.607
3160.2	661.607
3161.02	655.608
3161.83	668.609
3162.65	672.61
3163.47	668.61
3164.29	647.611
3165.11	668.612
3165.93	644.613
3166.75	666.113
3167.57	697.114
3168.39	677.615
3169.21	669.115
3170.03	673.116
3170.84	670.117
3171.66	662.618
3172.48	647.618
3173.3	639.619
3174.12	688.62
3174.93	684.621
3175.75	654.621
3176.57	663.622
3177.39	653.623
3178.21	671.624
3179.02	659.124
3179.84	678.125
3180.66	657.626
3181.47	655.126
3182.29	650.627
3183.11	662.128
3183.92	670.629
3184.74	655.629
3185.56	661.13
3186.37	651.631
3187.19	684.632
3188	670.132
3188.82	646.133
3189.64	658.634
3190.45	665.135
3191.27	677.635
3192.08	635.636
3192.9	656.137
3193.71	675.137
3194.53	657.638
3195.34	669.639
3196.16	684.64
3196.97	648.64
3197.79	650.641
3198.6	650.142
3199.42	665.643
3200.23	645.643
3201.05	664.644
3201.86	640.145
3202.67	653.145
3203.49	658.646
3204.3	688.147
3205.12	636.648
3205.93	669.148
3206.74	668.649
3207.56	654.15
3208.37	674.651
3209.18	648.651
3209.99	665.652
3210.81	627.653
3211.62	673.654
3212.43	657.654
3213.25	663.655
3214.06	677.656
3214.87	620.656
3215.68	666.157
3216.49	649.658
3217.31	660.659
3218.12	663.159
3218.93	646.66
3219.74	684.661
3220.55	646.662
3221.36	655.162
3222.17	642.663
3222.99	650.164
3223.8	645.664
3224.61	667.665
3225.42	640.166
3226.23	655.667
3227.04	647.167
3227.85	663.668
3228.66	655.669
3229.47	627.67
3230.28	654.67
3231.09	639.671
3231.9	647.672
3232.71	646.673
3233.52	635.673
3234.33	637.674
3235.14	659.175
3235.95	661.175
3236.76	638.676
3237.57	623.677
3238.38	628.178
3239.19	646.678
3239.99	649.179
3240.8	652.18
3241.61	647.181
3242.42	622.681
3243.23	655.682
3244.04	668.183
3244.84	662.684
3245.65	614.684
3246.46	645.685
3247.27	624.186
3248.08	650.687
3248.88	623.687
3249.69	623.688
3250.5	661.689
3251.3	615.189
3252.11	625.69
3252.92	640.691
3253.73	641.192
3254.53	660.692
3255.34	624.693
3256.15	611.694
3256.95	617.695
3257.76	648.695
3258.56	636.696
3259.37	629.697
3260.18	638.198
3260.98	621.698
3261.79	617.699
3262.59	595.7
3263.4	653.7
3264.2	618.201
3265.01	643.702
3265.82	628.703
3266.62	582.203
3267.42	628.704
3268.23	646.705
3269.03	638.706
3269.84	641.706
3270.64	641.207
3271.45	623.708
3272.25	631.708
3273.06	618.709
3273.86	632.71
3274.66	625.711
3275.47	637.711
3276.27	621.712
3277.08	617.713
3277.88	617.714
3278.68	623.714
3279.48	630.215
3280.29	607.716
3281.09	616.217
3281.89	608.717
3282.7	626.718
3283.5	604.219
3284.3	621.719
3285.1	635.22
3285.91	612.221
3286.71	610.722
3287.51	625.222
3288.31	632.723
3289.12	624.724
3289.92	620.725
3290.72	627.725
3291.52	644.726
3292.32	618.727
3293.12	613.728
3293.92	617.228
3294.73	613.729
3295.53	616.23
3296.33	605.23
3297.13	607.231
3297.93	617.732
3298.73	614.233
3299.53	607.733
3300.33	605.734
3301.13	604.735
3301.93	602.736
3302.73	606.236
3303.53	610.237
3304.33	613.738
3305.13	616.739
3305.93	613.739
3306.73	604.24
3307.53	652.741
3308.33	621.741
3309.13	613.242
3309.93	605.743
3310.73	608.744
3311.52	606.744
3312.32	592.245
3313.12	587.246
3313.92	630.247
3314.72	589.247
3315.52	598.748
3316.31	615.249
3317.11	587.75
3317.91	595.25
3318.71	602.751
3319.51	625.252
3320.3	594.752
3321.1	575.253
3321.9	578.754
3322.7	608.755
3323.49	584.755
3324.29	604.756
3325.09	597.257
3325.88	578.258
3326.68	598.258
3327.48	587.259
3328.27	577.76
3329.07	584.76
3329.87	600.261
3330.66	585.262
3331.46	602.263
3332.25	555.763
3333.05	588.764
3333.84	595.765
3334.64	591.766
3335.44	594.766
3336.23	601.267
3337.03	589.768
3337.82	605.269
3338.62	589.769
3339.41	579.77
3340.21	566.771
3341	584.771
3341.8	601.772
3342.59	585.773
3343.39	596.274
3344.18	606.274
3344.97	584.775
3345.77	572.776
3346.56	574.777
3347.35	577.277
3348.15	586.778
3348.94	575.779
3349.74	566.78
3350.53	593.78
3351.32	592.281
3352.12	583.282
3352.91	576.782
3353.7	582.783
3354.49	606.784
3355.29	567.785
3356.08	554.785
3356.87	592.786
3357.66	574.787
3358.46	587.288
3359.25	588.788
3360.04	576.789
3360.83	593.79
3361.62	610.29
3362.42	593.791
3363.21	560.792
3364	585.793
3364.79	571.793
3365.58	584.294
3366.37	572.795
3367.16	573.296
3367.96	551.796
3368.75	603.797
3369.54	572.298
3370.33	573.799
3371.12	571.799
3371.91	596.3
3372.7	590.801
3373.49	590.302
3374.28	578.802
3375.07	579.803
3375.86	581.804
3376.65	571.804
3377.44	594.305
3378.23	545.806
3379.02	589.807
3379.81	583.807
3380.6	566.808
3381.38	576.809
3382.17	591.31
3382.96	586.81
3383.75	552.811
3384.54	571.312
3385.33	577.813
3386.12	575.813
3386.91	572.814
3387.69	550.315
3388.48	583.815
3389.27	576.816
3390.06	570.317
3390.85	574.318
3391.63	579.068
3392.42	580.319
3393.21	580.82
3394	575.32
3394.78	580.821
3395.57	587.322
3396.36	584.823
3397.14	566.323
3397.93	599.824
3398.72	583.325
3399.5	570.826
3400.29	542.826
3401.08	562.327
3401.86	573.828
3402.65	558.829
3403.44	558.329
3404.22	586.83
3405.01	587.331
3405.79	567.832
3406.58	560.332
3407.36	582.333
3408.15	583.834
3408.93	550.834
3409.72	568.335
3410.5	574.336
3411.29	564.337
3412.07	578.337
3412.86	561.838
3413.64	570.839
3414.43	560.84
3415.21	561.84
3416	563.841
3416.78	574.342
3417.57	569.843
3418.35	552.843
3419.13	546.844
3419.92	557.845
3420.7	554.845
3421.48	556.846
3422.27	562.847
3423.05	573.848
3423.83	551.848
3424.62	551.849
3425.4	560.85
3426.18	576.851
3426.97	551.851
3427.75	559.352
3428.53	547.353
3429.31	558.853
3430.1	543.854
3430.88	552.355
3431.66	570.356
3432.44	541.856
3433.22	524.857
3434.01	568.358
3434.79	548.859
3435.57	540.859
3436.35	542.36
3437.13	536.861
3437.91	551.862
3438.7	536.862
3439.48	532.863
3440.26	563.864
3441.04	549.364
3441.82	558.365
3442.6	536.866
3443.38	555.367
3444.16	537.867
3444.94	541.868
3445.72	514.869
3446.5	555.87
3447.28	539.37
3448.06	536.871
3448.84	543.872
3449.62	541.373
3450.4	547.873
3451.18	539.374
3451.96	550.875
3452.74	538.875
3453.52	528.876
3454.3	551.377
3455.07	535.878
3455.85	539.378
3456.63	537.879
3457.41	526.38
3458.19	551.881
3458.97	535.381
3459.75	557.882
3460.52	529.883
3461.3	531.884
3462.08	530.884
3462.86	556.885
3463.64	528.386
3464.41	531.886
3465.19	547.887
3465.97	520.388
3466.75	518.889
3467.52	528.889
3468.3	552.89
3469.08	530.891
3469.85	505.892
3470.63	514.392
3471.41	529.393
3472.18	521.894
3472.96	531.395
3473.74	528.395
3474.51	526.896
3475.29	535.897
3476.06	517.897
3476.84	540.898
3477.62	529.899
3478.39	534.9
3479.17	520.9
3479.94	493.901
3480.72	511.902
3481.49	533.903
3482.27	520.903
3483.04	532.404
3483.82	563.405
3484.59	508.405
3485.37	509.906
3486.14	527.907
3486.92	519.408
3487.69	517.408
3488.47	515.909
3489.24	541.91
3490.01	527.411
3490.79	528.911
3491.56	525.412
3492.34	526.913
3493.11	554.914
3493.88	522.914
3494.66	533.915
3495.43	522.416
3496.2	538.917
3496.98	536.917
3497.75	534.418
3498.52	512.919
3499.3	527.419
3500.07	519.92
3500.84	525.921
3501.61	541.922
3502.39	521.922
3503.16	520.923
3503.93	526.924
3504.7	534.924
3505.48	533.925
3506.25	523.926
3507.02	519.927
3507.79	520.427
3508.56	546.928
3509.33	511.429
3510.1	531.93
3510.88	540.93
3511.65	513.431
3512.42	553.432
3513.19	528.933
3513.96	532.933
3514.73	516.434
3515.5	523.935
3516.27	515.936
3517.04	522.936
3517.81	529.437
3518.58	524.938
3519.35	539.438
3520.12	527.439
3520.89	508.94
3521.66	521.441
3522.43	527.941
3523.2	525.942
3523.97	540.943
3524.74	522.944
3525.51	517.944
3526.28	536.945
3527.05	529.446
3527.82	525.447
3528.59	526.947
3529.35	522.448
3530.12	523.949
3530.89	544.449
3531.66	491.95
3532.43	514.951
3533.2	506.452
3533.96	515.952
3534.73	517.453
3535.5	517.954
3536.27	524.955
3537.03	525.955
3537.8	504.956
3538.57	518.957
3539.34	520.458
3540.1	501.958
3540.87	512.959
3541.64	486.96
3542.4	506.96
3543.17	531.961
3543.94	500.962
3544.71	499.963
3545.47	499.963
3546.24	506.964
3547	530.965
3547.77	515.966
3548.54	512.966
3549.3	514.967
3550.07	517.468
3550.83	509.968
3551.6	510.969
3552.37	510.47
3553.13	504.971
3553.9	510.971
3554.66	500.972
3555.43	501.973
3556.19	484.974
3556.96	508.974
3557.72	518.475
3558.49	492.976
3559.25	502.477
3560.01	498.977
3560.78	500.978
3561.54	494.979
3562.31	488.979
3563.07	491.48
3563.84	506.481
3564.6	500.482
3565.36	499.982
3566.13	513.983
3566.89	489.484
3567.65	508.985
3568.42	501.485
3569.18	509.486
3569.94	503.487
3570.71	496.487
3571.47	501.988
3572.23	491.489
3573	507.49
3573.76	478.99
3574.52	505.991
3575.28	497.992
3576.04	494.993
3576.81	509.993
3577.57	509.994
3578.33	506.495
3579.09	476.996
3579.85	485.996
3580.62	493.497
3581.38	482.998
3582.14	475.998
3582.9	480.999
3583.66	488
3584.42	496.501
3585.18	479.001
3585.95	499.002
3586.71	489.003
3587.47	486.504
3588.23	493.004
3588.99	473.005
3589.75	495.506
3590.51	487.507
3591.27	485.507
3592.03	490.508
3592.79	503.509
3593.55	495.509
3594.31	479.01
3595.07	496.511
3595.83	485.012
3596.59	476.512
3597.35	499.513
3598.11	472.514
3598.87	494.515
3599.62	491.015
3600.38	491.016
3601.14	476.517
3601.9	489.018
3602.66	497.018
3603.42	501.019
3604.18	478.02
3604.93	500.02
3605.69	464.052
3606.45	468.083
3607.21	473.115
3607.97	476.146
3608.72	483.177
3609.48	490.209
3610.24	490.24
3611	487.272
3611.75	491.803
3612.51	495.334
3613.27	478.366
3614.03	487.397
3614.78	488.429
3615.54	483.46
3616.3	473.991
3617.05	491.523
3617.81	489.554
3618.57	482.585
3619.32	498.617
3620.08	491.648
3620.84	469.68
3621.59	483.711
3622.35	511.242
3623.1	504.774
3623.86	485.805
3624.61	506.337
3625.37	496.868
3626.13	483.899
3626.88	501.931
3627.64	499.462
3628.39	482.993
3629.15	499.025
3629.9	486.556
3630.66	489.588
3631.41	508.119
3632.17	504.15
3632.92	476.182
3633.67	478.713
3634.43	475.245
3635.18	491.776
3635.94	474.307
3636.69	485.839
3637.45	492.37
3638.2	494.402
3638.95	488.433
3639.71	489.464
3640.46	491.496
3641.21	489.527
3641.97	473.059
3642.72	488.59
3643.47	494.121
3644.23	480.653
3644.98	482.684
3645.73	488.715
3646.48	469.747
3647.24	478.778
3647.99	479.81
3648.74	484.841
3649.49	492.872
3650.25	459.404
3651	483.435
3651.75	487.967
3652.5	474.998
3653.25	495.029
3654	495.061
3654.76	470.592
3655.51	459.124
3656.26	467.155
3657.01	473.186
3657.76	479.718
3658.51	495.749
3659.26	486.28
3660.01	479.812
3660.76	482.843
3661.52	473.375
3662.27	479.406
3663.02	460.437
3663.77	486.469
3664.52	485.5
3665.27	496.532
3666.02	495.063
3666.77	466.594
3667.52	470.126
3668.27	476.657
3669.02	478.188
3669.76	471.22
3670.51	460.751
3671.26	464.783
3672.01	466.814
3672.76	489.345
3673.51	479.877
3674.26	470.908
3675.01	457.94
3675.76	496.971
3676.51	476.002
3677.25	456.034
3678	478.065
3678.75	483.097
3679.5	473.628
3680.25	469.159
3680.99	465.691
3681.74	477.222
3682.49	479.254
3683.24	468.285
3683.99	474.316
3684.73	473.348
3685.48	459.379
3686.23	477.41
3686.98	466.442
3687.72	458.973
3688.47	461.505
3689.22	467.536
3689.96	465.567
3690.71	480.599
3691.46	462.13
3692.2	475.662
3692.95	463.693
3693.7	459.724
3694.44	473.256
3695.19	437.787
3695.93	450.319
3696.68	457.35
3697.42	458.381
3698.17	456.913
3698.92	455.944
3699.66	462.475
3700.41	458.507
3701.15	444.038
3701.9	434.57
3702.64	465.601
3703.39	468.632
3704.13	465.664
3704.88	450.695
3705.62	476.227
3706.37	444.758
3707.11	454.289
3707.85	451.321
3708.6	453.352
3709.34	457.884
3710.09	446.915
3710.83	458.446
3711.57	460.978
3712.32	460.509
3713.06	452.04
3713.8	456.072
3714.55	452.103
3715.29	443.635
3716.03	456.666
3716.78	441.697
3717.52	440.729
3718.26	449.76
3719.01	466.292
3719.75	444.823
3720.49	426.854
3721.23	450.886
3721.98	453.917
3722.72	443.948
3723.46	464.98
3724.2	444.511
3724.94	443.043
3725.69	429.074
3726.43	454.105
3727.17	436.137
3727.91	461.668
3728.65	440.2
3729.39	443.731
3730.14	442.762
3730.88	456.294
3731.62	438.325
3732.36	442.357
3733.1	453.388
3733.84	444.919
3734.58	430.451
3735.32	433.482
3736.06	461.513
3736.8	459.545
3737.54	444.576
3738.28	448.608
3739.02	443.639
3739.76	448.67
3740.5	457.202
3741.24	437.233
3741.98	435.265
3742.72	437.796
3743.46	446.327
3744.2	456.359
3744.94	452.39
3745.68	450.922
3746.42	429.953
3747.16	431.484
3747.9	438.016
3748.64	446.047
3749.37	442.079
3750.11	435.11
3750.85	429.141
3751.59	423.673
3752.33	449.204
3753.07	443.735
3753.8	446.267
3754.54	437.798
3755.28	444.33
3756.02	442.361
3756.75	424.392
3757.49	442.424
3758.23	454.455
3758.97	430.487
3759.71	425.518
3760.44	432.549
3761.18	450.581
3761.92	449.112
3762.65	439.643
3763.39	438.175
3764.13	457.206
3764.86	459.238
3765.6	452.769
3766.34	437.8
3767.07	445.832
3767.81	430.863
3768.54	427.895
3769.28	446.93
3770.02	425.167
3770.75	445.207
3771.49	441.035
3772.22	438.129
3772.96	436.081
3773.69	439.624
3774.43	438.885
3775.16	438.57
3775.9	408.209
3776.63	416.024
3777.37	431.345
3778.1	437.579
3778.84	429.258
3779.57	436.317
3780.31	422.015
3781.04	430.245
3781.78	451.489
3782.51	423.186
3783.24	443.33
3783.98	443.805
3784.71	436.435
3785.45	432.81
3786.18	426.529
3786.91	424.932
3787.65	435.342
3788.38	432.144
3789.11	419.914
3789.85	438.432
3790.58	431.267
3791.31	430.739
3792.05	440.54
3792.78	436.633
3793.51	439.113
3794.24	434.299
3794.98	426.651
3795.71	425.356
3796.44	437.251
3797.17	426.338
3797.91	413.41
3798.64	431.693
3799.37	430.812
3800.1	429.541
3800.83	417.324
3801.56	412.195
3802.3	433.724
3803.03	433.081
3803.76	427.104
3804.49	421.611
3805.22	427.475
3805.95	432.417
3806.68	430.958
3807.41	439.943
3808.14	428.632
3808.87	424.868
3809.6	421.659
3810.34	419.931
3811.07	412.408
3811.8	430.842
3812.53	412.329
3813.26	429.615
3813.99	442.481
3814.72	430.352
3815.45	411.181
3816.18	417.406
3816.91	419.16
3817.63	424.601
3818.36	425.067
3819.09	424.432
3819.82	419.155
3820.55	419.993
3821.28	429.275
3822.01	431.168
3822.74	423.4
3823.47	426.86
3824.19	433.16
3824.92	411.362
3825.65	408.379
3826.38	423.729
3827.11	422.057
3827.84	427.218
3828.56	425.366
3829.29	411.505
3830.02	422.122
3830.75	418.817
3831.47	410.322
3832.2	410.749
3832.93	422.583
3833.66	415.468
3834.38	420.985
3835.11	415.947
3835.84	400.596
3836.56	416.769
3837.29	413.141
3838.02	419.708
3838.75	419.65
3839.47	420.022
3840.2	413.7
3840.92	423.567
3841.65	420.91
3841.86	417.738
3842.59	410.235
3843.32	409.232
3844.05	426.228
3844.78	405.225
3845.51	418.722
3846.24	428.718
3846.97	408.215
3847.7	401.712
3848.43	430.708
3849.16	419.205
3849.89	389.202
3850.62	413.198
3851.35	421.695
3852.08	424.692
3852.81	424.688
3853.53	392.185
3854.26	423.182
3854.99	413.178
3855.72	411.175
3856.45	413.172
3857.18	409.168
3857.91	413.165
3858.63	402.162
3859.36	404.658
3860.09	398.655
3860.82	408.652
3861.55	382.148
3862.27	400.145
3863	417.642
3863.73	410.138
3864.46	422.635
3865.18	419.132
3865.91	392.128
3866.64	422.125
3867.36	384.122
3868.09	405.618
3868.82	404.115
3869.54	417.612
3870.27	401.108
3871	384.605
3871.72	417.102
3872.45	397.098
3873.18	398.095
3873.9	404.092
3874.63	416.088
3875.35	389.585
3876.08	386.082
3876.81	419.578
3877.53	409.075
3878.26	399.072
3878.98	414.068
3879.71	392.065
3880.43	402.562
3881.16	393.558
3881.88	396.055
3882.61	390.052
3883.33	417.548
3884.06	400.045
3884.78	405.042
3885.51	401.538
3886.23	397.035
3886.96	402.031
3887.68	414.028
3888.41	380.525
3889.13	382.021
3889.85	400.018
3890.58	400.515
3891.3	405.011
3892.03	406.508
3892.75	405.505
3893.47	387.001
3894.2	404.498
3894.92	401.495
3895.64	403.491
3896.37	407.988
3897.09	392.485
3897.81	403.981
3898.53	380.978
3899.26	403.975
3899.98	382.971
3900.7	399.968
3901.42	421.465
3902.15	398.961
3902.87	374.958
3903.59	402.955
3904.31	405.951
3905.04	416.448
3905.76	383.945
3906.48	392.441
3907.2	397.938
3907.92	408.435
3908.64	400.431
3909.37	399.928
3910.09	396.425
3910.81	392.921
3911.53	395.918
3912.25	396.415
3912.97	394.411
3913.69	379.408
3914.41	380.905
3915.13	383.901
3915.85	392.898
3916.57	386.895
3917.29	400.391
3918.02	391.888
3918.74	377.885
3919.46	394.881
3920.18	387.378
3920.9	391.375
3921.62	388.871
3922.34	405.368
3923.05	388.365
3923.77	391.861
3924.49	373.358
3925.21	400.855
3925.93	374.851
3926.65	394.848
3927.37	402.845
3928.09	374.841
3928.81	386.838
3929.53	378.835
3930.25	372.831
3930.96	407.328
3931.68	391.325
3932.4	381.321
3933.12	376.818
3933.84	375.315
3934.56	374.811
3935.27	370.808
3935.99	384.305
3936.71	372.801
3937.43	374.798
3938.14	384.294
3938.86	371.791
3939.58	377.788
3940.3	352.784
3941.01	376.281
3941.73	374.278
3942.45	366.274
3943.17	369.771
3943.88	369.768
3944.6	375.764
3945.32	360.761
3946.03	382.758
3946.75	369.754
3947.47	381.751
3948.18	383.248
3948.9	361.244
3949.61	368.741
3950.33	361.738
3951.05	352.734
3951.76	380.731
3952.48	356.728
3953.19	369.724
3953.91	364.721
3954.62	370.218
3955.34	389.714
3956.05	365.711
3956.77	377.708
3957.48	365.204
3958.2	384.201
3958.91	361.698
3959.63	367.694
3960.34	368.691
3961.06	371.688
3961.77	373.184
3962.49	374.181
3963.2	364.178
3963.92	347.674
3964.63	347.671
3965.34	369.668
3966.06	326.664
3966.77	367.161
3967.49	359.658
3968.2	355.654
3968.91	349.651
3969.63	370.148
3970.34	371.144
3971.05	330.641
3971.77	374.138
3972.48	349.134
3973.19	371.131
3973.91	363.628
3974.62	343.624
3975.33	348.621
3976.04	349.618
3976.76	373.614
3977.47	358.611
3978.18	358.608
3978.89	357.104
3979.6	355.601
3980.32	362.598
3981.03	363.594
3981.74	377.091
3982.45	340.588
3983.16	369.084
3983.88	343.581
3984.59	360.578
3985.3	369.074
3986.01	369.071
3986.72	357.068
3987.43	368.064
3988.14	353.561
3988.85	368.558
3989.56	350.554
3990.28	357.551
3990.99	350.047
3991.7	365.544
3992.41	363.541
3993.12	360.538
3993.83	357.034
3994.54	371.031
3995.25	359.027
3995.96	366.024
3996.67	349.521
3997.38	364.017
3998.09	360.014
3998.8	363.011
3999.51	372.007
